1.000000000000000000e+00
1.030722406522087020e+00
1.062388679306682349e+00
1.095027816196805448e+00
1.128669705918996957e+00
1.163345155453404667e+00
1.199085918244744642e+00
1.235924723279969717e+00
1.273895305059274730e+00
1.313032434487883870e+00
1.353371950716906191e+00
1.394950793962421054e+00
1.437807039332842596e+00
1.481979931695544428e+00
1.527509921614669697e+00
1.574438702393036849e+00
1.622809248252062853e+00
1.672665853684665249e+00
1.724054174017179308e+00
1.777021267217435918e+00
1.831615636987284246e+00
1.887887277179018719e+00
1.945887717576388676e+00
2.005670071082106709e+00
2.067289082355074026e+00
2.130801177941858970e+00
2.196264517948330663e+00
2.263739049298774564e+00
2.333286560631254503e+00
2.404970738879490089e+00
2.478857227593069812e+00
2.555013687049397575e+00
2.633509856212425504e+00
2.714417616594906768e+00
2.797811058082649627e+00
2.883766546781055151e+00
2.972362794946058262e+00
3.063680933063517298e+00
3.157804584143061533e+00
3.254819940294415126e+00
3.354815841656334729e+00
3.457883857750438050e+00
3.564118371334409119e+00
3.673616664831384160e+00
3.786479009414647212e+00
3.902808756829232895e+00
4.022712434034502849e+00
4.146299840754363863e+00
4.273684150024483763e+00
4.404982011828536770e+00
4.540313659918413514e+00
4.679803021916211669e+00
4.823577832798812359e+00
4.971769751868985843e+00
5.124514483320120384e+00
5.281951900505003294e+00
5.444226174022428921e+00
5.611485903738931746e+00
5.783884254866559438e+00
5.961579098221269746e+00
6.144733154790399610e+00
6.333514144741616114e+00
6.528094941009755736e+00
6.728653727602238455e+00
6.935374162767989681e+00
7.148445547179326454e+00
7.368062997280773629e+00
7.594427623963578178e+00
7.827746716729556020e+00
8.068233933512853895e+00
8.316109496333531581e+00
8.571600392962078985e+00
8.834940584779541695e+00
9.106371221023621843e+00
9.386140859616945775e+00
9.674505694779670151e+00
9.971729791634933449e+00
1.027808532802194996e+01
1.059385284373813896e+01
1.091932149743862723e+01
1.125478933142830229e+01
1.160056354458889238e+01
1.195696077369105126e+01
1.232430738334903708e+01
1.270293976488344256e+01
1.309320464436577680e+01
1.349545940012686174e+01
1.391007239001987728e+01
1.433742328873772820e+01
1.477790343549356855e+01
1.523191619238294336e+01
1.569987731375569417e+01
1.618221532693578979e+01
1.667937192463785578e+01
1.719180236943966733e+01
1.771997591068097222e+01
1.826437621417049684e+01
1.882550180509458215e+01
1.940386652453298666e+01
1.999999999999999645e+01
