4.064400231095417482e+00 1.105132491078505863e+00
7.468465026177554478e+00 2.046714296005666789e+00
7.819862150890584118e+00 2.329586010539714813e+00
3.134781462416957432e+00 2.183095312415441747e+00
1.863660989209177288e+01 1.603168685747815347e+00
3.812786932221903236e+00 2.716004841484129351e+00
9.450131303853009257e+00 2.833568649303857434e+00
1.202734081022133061e+01 2.691857950627945417e+00
4.751278407033963980e+00 2.972883393077411895e+00
6.307010913270036490e+00 2.427407018361953384e+00
6.192454799888889028e+00 2.020638552875636762e+00
4.716121016915393760e+00 2.527688006982599767e+00
3.190586417161732857e+00 1.868335538267425378e+00
3.152501987622558843e+00 1.019794158115749028e+00
4.283429696984333290e+00 2.152861871024240425e+00
4.265552436546457216e+00 2.032374923651525833e+00
2.881964850058579231e+01 1.987975369911693546e+00
4.562036246359578051e+00 2.600803322166487241e+00
4.206666571175017744e+00 2.036347911482352835e+00
6.470344342234093382e+00 1.763776757683142016e+00
5.718773104134033503e+00 1.359111801584044654e+00
4.637457573295707292e+00 2.871832384706184182e+00
8.689937948034494042e+00 1.329147832901091064e+00
3.826996193258937140e+00 2.342473411234992753e+00
3.076763379509610097e+00 2.807832835330072108e+00
3.202376369834991188e+00 1.449024455636266584e+00
4.371954249319556673e+00 1.973611380284523209e+00
4.827653559472695477e+00 2.741439520945759156e+00
3.125390557301177985e+00 2.551466906783329769e+00
7.375407847051233645e+00 2.839017920893929237e+00
3.241602728116967036e+00 2.294475654414608101e+00
5.521963436728674068e+00 2.336819620083204541e+00
3.660613307750839152e+00 2.887235286966192582e+00
6.440558285652615567e+00 2.649519450623129657e+00
4.627946207533515377e+00 2.583120687148936501e+00
8.859462468760346709e+00 1.740609474285244485e+00
3.283760492083417137e+00 1.906169294242859635e+00
4.838797591341228888e+00 2.147482679396901073e+00
3.170670938561360508e+00 2.687753791915994839e+00
1.052139917073172271e+01 1.215843025972062508e+00
3.756984928207694363e+00 2.723465855754113818e+00
5.280657209587824141e+00 2.205451138481771878e+00
6.462035832682472503e+00 2.747160384757668439e+00
6.442251630806937079e+00 2.290028401093531674e+00
9.119379057242237963e+00 2.881839665156980423e+00
4.402268976959624602e+00 2.651743565335249464e+00
3.942017646919189211e+00 2.156167191412430739e+00
1.103536531068157878e+01 2.903234068318159444e+00
3.707016581509676723e+00 2.447264022190878130e+00
5.519001181708193648e+00 2.222290943410991648e+00
3.100664936930531024e+00 2.859745836157767229e+00
6.162448744777500487e+00 2.024629848620216777e+00
3.172664032270552603e+00 1.103163382023055084e+00
1.275600432798894701e+01 2.622576265016372865e+00
3.385346809324813577e+00 2.128147750736387511e+00
5.216926328983022998e+00 2.705057400376444932e+00
3.580468707043925392e+00 1.405890220793390322e+00
5.443895525747088904e+00 1.963500759175355714e+00
6.116725354301095763e+00 2.367498285625359689e+00
3.407386528907030865e+00 2.079013831906638909e+00
3.926739131197270360e+00 2.872103020560872189e+00
5.660073901743278846e+00 1.710600372532156799e+00
7.935100306158942018e+00 1.348969436119283438e+00
4.562196980760133691e+00 1.884973350582423324e+00
4.561796159846541521e+00 1.313482017370969812e+00
4.664749133583677931e+00 1.670959155510055361e+00
3.069391041837128853e+00 2.466299833995949431e+00
3.959718123653097166e+00 2.729581149601251866e+00
4.648076797667997084e+00 1.744711369978630078e+00
3.344592703418206803e+00 1.054416619302751323e+00
3.383814999344028074e+00 2.117518835083286088e+00
3.505903147984969159e+00 1.292379568902232601e+00
4.308948664685432917e+00 2.942912605756469624e+00
5.674682688906974803e+00 2.654468978454603167e+00
3.505333174461572110e+00 1.808372466413618485e+00
4.346259252201983614e+00 2.732034940050457106e+00
8.089639213530492867e+00 1.360511000119470904e+00
3.740093530436192637e+00 1.600714206099691506e+00
3.019284174444480939e+00 2.855614193894508102e+00
4.700786118702731997e+00 1.776363460118226767e+00
3.351191694741140203e+00 2.033342095594067533e+00
6.169404510763079053e+00 1.794897868466963420e+00
6.039126809709387089e+00 2.201391632281179955e+00
3.251752811865352477e+00 1.765663997340302105e+00
3.294603494329196636e+00 2.356439117011435602e+00
1.117421988315466308e+01 1.461949381745517362e+00
8.062039864060214001e+00 2.648215712166778868e+00
6.066414812679376212e+00 2.784971400068311453e+00
3.031522481397543434e+00 2.922193822517725081e+00
7.211681660549190909e+00 2.853124226801257102e+00
4.526806549481200648e+00 1.185925876760518305e+00
6.607024958211597188e+00 2.692100720549210457e+00
3.107666278894396505e+00 1.932617978326376829e+00
3.160191445369335383e+00 2.778726958138651781e+00
3.224970681152891316e+00 2.137245157257358308e+00
3.208978886976002531e+00 2.497902806128077469e+00
1.282443316754507556e+01 2.320364930801099845e+00
5.873050128554557325e+00 1.537807642393831165e+00
3.140945657734621754e+00 2.235657296941734096e+00
3.254286087485243062e+00 2.501316411691245190e+00
3.707976298804101845e+00 2.995273019311341045e+00
3.825713105595427876e+00 2.591994163788488237e+00
3.241657701957488147e+00 1.949693467872417818e+00
7.432673353024905616e+00 2.154804193667719581e+00
4.785107418494731313e+00 2.472202596789370155e+00
7.458707117540573250e+00 1.797209110034454049e+00
4.676465916541712176e+00 2.021129569570245366e+00
4.320496002496541088e+00 2.179987948321574720e+00
5.054060250606246640e+00 2.873514931154559804e+00
7.659155332537594951e+00 1.856182273347158462e+00
4.810785350670061078e+00 2.474726793711206518e+00
7.152558178685041845e+00 2.239651222495750105e+00
3.807322845215545648e+00 2.891095697189150826e+00
5.718138097864142289e+00 1.875390400261867541e+00
3.100617491762996281e+00 2.743707466409392559e+00
4.179516474970672135e+00 2.877763627411757064e+00
3.273384004911084499e+00 2.857174609738754256e+00
1.484929459380011707e+01 2.045757566752550716e+00
3.444499372163783324e+00 2.823475196376770135e+00
3.304619413847844633e+00 2.324609267305233651e+00
3.107532890760827726e+00 2.484337393947170014e+00
3.958415114036837767e+00 2.892579003391604786e+00
3.815008981158580781e+00 2.715402605075277975e+00
3.010412553835509986e+00 2.555051513119365847e+00
7.254067516636249380e+00 2.669406516596964707e+00
4.267091652087467324e+00 1.920907536196631460e+00
6.889678376647758284e+00 1.825801449808827748e+00
3.224228138729358761e+00 2.872062864404061777e+00
3.402159464675417411e+00 1.730216952197387803e+00
7.666184597386243915e+00 1.871944159536015784e+00
3.625792867845195389e+00 2.670374684113161923e+00
4.320257112974021041e+00 1.414117722782002318e+00
6.376977570246300075e+00 1.544618834044825695e+00
3.182200514302104821e+00 2.980379237970271600e+00
3.575865395751336884e+00 1.682367842199636643e+00
1.293121901291402409e+01 1.332706360052656747e+00
3.268800121558438576e+00 2.197046013333277870e+00
3.630183420290710394e+00 2.983233798498717171e+00
5.170622709775822834e+00 2.408248346533670592e+00
3.115670363695635992e+00 2.464590001665852625e+00
9.402046649178256388e+00 1.143602810240241796e+00
4.647803142238430496e+00 2.441520867862510435e+00
4.885152121042727558e+00 2.604764814046870214e+00
5.777807885097326235e+00 2.950570378673431193e+00
6.058093717745109963e+00 2.751793880347951138e+00
5.374661758747637741e+00 2.965358432394278765e+00
3.081026094591449382e+00 1.191230634534774957e+00
3.802526951910561337e+00 1.136978091589315953e+00
4.906336089443200876e+00 2.990667659299105274e+00
3.189107979570632523e+00 2.651671861394192753e+00
1.377929267757239096e+01 2.401761521358197538e+00
5.064995767095515689e+00 2.048898695563936112e+00
5.560162722662401968e+00 2.529720957725533292e+00
4.094889426605209160e+00 2.380698888382937639e+00
3.149201694412680386e+00 2.514803798782171640e+00
6.041569467122134718e+00 1.798298415740287703e+00
5.130113155732412444e+00 2.382405686619605056e+00
3.392292686059200424e+00 1.704617063493321316e+00
5.001307123970511803e+00 2.576612529047914713e+00
5.101735344443098619e+00 2.199955168567752306e+00
5.534473435837618638e+00 2.720244042736963408e+00
3.513082321349505044e+00 2.903316630537237764e+00
4.529927120252761341e+00 2.510663075382208120e+00
3.289385413195926144e+00 1.719878301287199429e+00
4.292563344793812519e+00 2.525285269811009314e+00
3.418891964245435400e+00 1.148257778253436445e+00
3.745533621394020685e+00 2.059310341574697834e+00
3.335621175231892721e+00 2.328126836171814595e+00
4.685603159509442506e+00 2.731713187419482214e+00
5.073175267745019923e+00 2.799225985019820229e+00
3.100403721797070133e+00 2.360548427167776353e+00
3.672032814552982138e+00 1.295671785464748593e+00
3.062811291043233020e+00 1.319596601984001305e+00
8.104686311731711612e+00 2.460199816236688264e+00
3.841845568813682554e+00 1.286755610480430079e+00
6.423109930522134192e+00 1.315424016748204972e+00
3.495172625698739211e+00 1.852052490010063002e+00
5.554745179214368278e+00 2.768604192490926152e+00
3.350824566932979032e+00 1.639327199675406854e+00
3.145926981710179149e+00 2.947620459462017450e+00
3.517687231691149385e+00 2.331814720154843368e+00
3.357669173124275819e+00 2.806508943652460175e+00
7.356477931440640106e+00 2.305783568128763505e+00
5.619577402930653776e+00 2.587512303714132322e+00
3.006908386580670722e+00 2.121891370845133018e+00
1.049046895372829447e+01 1.842918158241450000e+00
4.175773466923118349e+00 2.899954470903695292e+00
3.624094913046818522e+00 2.663763847297197174e+00
3.032029179155172116e+00 1.398109499301631642e+00
8.085958381217533741e+00 2.525139165190150248e+00
4.080436366792754121e+00 2.816809155651767593e+00
3.143697604620435460e+00 1.556547644789887386e+00
9.190568733882811259e+00 2.979872104325191895e+00
9.136523925062252971e+00 2.531544483299851933e+00
3.089554115084796493e+00 2.143078776839947075e+00
3.380531467198700568e+00 2.645087939288599088e+00
4.163913192944777464e+00 2.855979882422755800e+00
1.539795332885220347e+01 2.974863310546670192e+00
1.022679208833882925e+01 2.690360233082872643e+00
3.765846047787985817e+00 1.175752673915932078e+00
3.965468987736536999e+00 2.533701753147141744e+00
3.628127522560272489e+00 2.354976967709115687e+00
7.713241600415728705e+00 2.648808527173542426e+00
4.097165459846122459e+00 2.140545758315989033e+00
5.178910382142458246e+00 2.716957556694395315e+00
3.030413036976750796e+00 1.868319164217949524e+00
4.703862470315918642e+00 2.283382724845864686e+00
3.101511093688176235e+00 1.986629872233367067e+00
3.395690600468658449e+00 2.785064097239501990e+00
4.455620932323365757e+00 1.657307150130873596e+00
4.138047802574530643e+00 2.672972691416942048e+00
3.210172752267753893e+00 1.601041305132340442e+00
5.988085423481837921e+00 1.384418521273484082e+00
1.297786263207217416e+01 1.494473021694155079e+00
4.864989682071103161e+00 2.543310952616762322e+00
8.930508558780779538e+00 2.431349924082819136e+00
6.482232770729752680e+00 1.222423042337174692e+00
3.032173621780109407e+00 2.690931832508827171e+00
3.599541363743133715e+00 2.255583724047025562e+00
9.046766646533667355e+00 2.454249848477052076e+00
4.474232770562007744e+00 2.548062214876833487e+00
4.034136527313913589e+00 1.009935871812948527e+00
3.609864466688272877e+00 2.928025215699534556e+00
1.173875557092135935e+01 1.639057895323181135e+00
6.055262135709597260e+00 1.808396008782708675e+00
3.462164590694714050e+00 2.401434363210690037e+00
7.812398448872368562e+00 2.462768525745203441e+00
3.117062965627081184e+00 1.599456654377091613e+00
5.187816127376417619e+00 1.435176422686170739e+00
1.231694936867751622e+01 2.949810063252191750e+00
3.056039817741891262e+00 2.940693824139899881e+00
9.340656944777069981e+00 2.764540986801570455e+00
3.266752175153682103e+00 2.647769126235544945e+00
3.637379633233434717e+00 1.478260189650233425e+00
4.637420406765805581e+00 2.841067365438853187e+00
1.247841955913600742e+01 2.997844205642230975e+00
3.244247646357633741e+00 1.458407067575039351e+00
5.904858664242102151e+00 2.880582296356232419e+00
1.367869259028555895e+01 2.985715128940263696e+00
5.011486931092971275e+00 2.054895516774245756e+00
4.698613372241503328e+00 2.102062530021332698e+00
8.728081956097643257e+00 1.084919419967057541e+00
5.351897999494958036e+00 2.993000186721385347e+00
5.409035524451407895e+00 1.482749313187742501e+00
3.773889989649436671e+00 2.535490586674165492e+00
3.417664128584829264e+00 1.313563994122955325e+00
3.618821415906627870e+00 2.354820590316268447e+00
5.680381858150707508e+00 1.901748841351672548e+00
3.381661858222817507e+00 1.166301210457580506e+00
3.809981315341387731e+00 1.684518841843557935e+00
3.168294091984117600e+00 1.545577688381378989e+00
3.446557170824712024e+00 2.455182154656796456e+00
4.877349556069242809e+00 2.671517021536532255e+00
3.916941963425878193e+00 1.496608870786710233e+00
4.499805186437607851e+00 2.441816528785340168e+00
4.583467716985028417e+00 2.438426694376555126e+00
7.296000069533658206e+00 2.100828045528633226e+00
5.920512703486759953e+00 2.622350612647462498e+00
8.133885465119019997e+00 1.369452652765061895e+00
3.111316909370384298e+00 2.345893937141568131e+00
4.200041148455781581e+00 2.707859946411897756e+00
3.565375355990314965e+00 2.360498014296954938e+00
8.791367246132869795e+00 1.770212466920744188e+00
5.442030650103188094e+00 2.839642412624332479e+00
3.772627338613479875e+00 2.731353466610448422e+00
3.213153254715668261e+00 1.873175938956507691e+00
3.146358173700649186e+00 2.996238742220685758e+00
3.402776262678151475e+00 2.449022321720079276e+00
4.678167962275557201e+00 2.318740975600869447e+00
4.127932850768024409e+00 2.423675527570291699e+00
3.436114751479487861e+00 1.848438924758905255e+00
4.118338074944305482e+00 2.746231943819104515e+00
3.075593028763314418e+00 2.856342046962787595e+00
5.558383328369735921e+00 1.764839674818555970e+00
9.617224762956578132e+00 2.645848897400654209e+00
3.682544115212099456e+00 1.546179777497224794e+00
8.188538091803577501e+00 2.883673789153134770e+00
4.787482866776275436e+00 2.049688652242621423e+00
5.113872209613867348e+00 2.726414907577892066e+00
4.798535756090675619e+00 2.625011880279139120e+00
4.831963115925970165e+00 2.806104278693551279e+00
4.984479116259592502e+00 2.836407800440332139e+00
5.798616128890320631e+00 2.741638373707870890e+00
4.023778185646998296e+00 2.167409373378407889e+00
3.238259517291476541e+00 1.077920784052772252e+00
2.407955527369649573e+01 2.698746412367292180e+00
3.026806336853853807e+00 2.570159286811690702e+00
3.000680085454289880e+00 2.879969345168937878e+00
7.599147573290887081e+00 1.417571177409324257e+00
8.620252775246992627e+00 1.832511150160269331e+00
4.067679566635370669e+00 1.252214222289219636e+00
3.009777597260172577e+00 1.346332267864932986e+00
4.650388367786727706e+00 2.737711463611199214e+00
3.358351783858854134e+00 1.019925491418666841e+00
8.294078620435094251e+00 1.993581146759280331e+00
7.101044601309291160e+00 2.390086286982184838e+00
3.444870017993499012e+00 2.742410321890857983e+00
3.109661035666992479e+00 2.251753788444492699e+00
3.015473810905421992e+00 2.233288377922175272e+00
6.383366270978454438e+00 1.567013914450136935e+00
3.776674683121835852e+00 1.303156052973719170e+00
3.282960421174882182e+00 2.988985420294416162e+00
3.652442872173586430e+00 1.035855416543242757e+00
3.041546044986773722e+00 2.266991356730258644e+00
4.459672050841327895e+00 2.265753129020666279e+00
8.613631520455570012e+00 2.373259924282194344e+00
1.031464809140517147e+01 1.830776283308966690e+00
3.440634344109506415e+00 2.948876215708361670e+00
3.224619516075649450e+00 2.409692227930471109e+00
6.882502110601139478e+00 2.579102678792176473e+00
3.468913648941093442e+00 2.102025688827547256e+00
4.184676533689316358e+00 1.349176408526840731e+00
4.137530669047617238e+00 2.966488285411309711e+00
1.418824677083629382e+01 1.318987213112434498e+00
3.235742313487223853e+00 2.637003104551721044e+00
3.776013250557666900e+00 2.521683569858698348e+00
6.062040442988882560e+00 2.773273944179127870e+00
3.323600594152415599e+00 1.504366016907433767e+00
5.556901056459144783e+00 2.575194983862380660e+00
4.058714889785118629e+00 2.669414596341387558e+00
3.489176220290634234e+00 2.101512385801957983e+00
3.202989286472269548e+00 1.771742940069778172e+00
4.296457728698447553e+00 2.088904038304879140e+00
3.072251165962017971e+00 2.414540559470187198e+00
3.606253154026100027e+00 2.586401686209290673e+00
3.200640719564767700e+00 1.490912745846933340e+00
5.368637357025420442e+00 2.311886568587325996e+00
5.179915493893506806e+00 2.589286540129693837e+00
4.269317766601472997e+00 1.256521344536511542e+00
1.159544188373278573e+01 2.659043961472709050e+00
4.047906351460573759e+00 2.768702696599667057e+00
3.101023091439659041e+00 1.729187496696650728e+00
6.451772758189401102e+00 1.822658829802928260e+00
3.346419700422702093e+00 2.758436250187510375e+00
3.271258288774855583e+00 2.702791847941994785e+00
5.060037936890391386e+00 2.210112222335805399e+00
3.034042574749366228e+00 2.565094620467414543e+00
4.381742796907443172e+00 2.773624422112723309e+00
1.095581661273816110e+01 2.852721101229402478e+00
5.419500045356869578e+00 2.913051872970473077e+00
3.164228780907897054e+00 2.831316049506568788e+00
4.672719479511413532e+00 2.530547281660527226e+00
5.330622489488179738e+00 2.551797147441842384e+00
6.503674729085142658e+00 2.491584172501938976e+00
9.359963605463823555e+00 1.378119577093679160e+00
3.241114556122764334e+00 2.669865997041333650e+00
3.067880882148371402e+00 2.520270585590727030e+00
5.761088136774924706e+00 1.100969146063867976e+00
3.765472320505099724e+00 2.626913038852462190e+00
4.615741750172180247e+00 2.460607877134810551e+00
3.682850403877936163e+00 2.098401526808006068e+00
3.957354314979606436e+00 1.125904388092659358e+00
3.714956483749654481e+00 2.958241556945958806e+00
3.092617313078217300e+00 2.244779954988842974e+00
5.839912806873838846e+00 2.062542784381726779e+00
4.011535668925194642e+00 2.221179281531632910e+00
6.172623776031648468e+00 2.233307891513022447e+00
4.229277215893570308e+00 2.662810791727763693e+00
3.256132617467636159e+00 1.290806437287467690e+00
4.448285043942266981e+00 2.283929485744079724e+00
5.526712361852647248e+00 2.662934281395144431e+00
3.776136873610843825e+00 2.951006380402303009e+00
3.267308767352610666e+00 1.390257815108327133e+00
3.168794785735439490e+00 1.450559684328271981e+00
6.465161884432605532e+00 1.116770220205849595e+00
3.262855784812837889e+00 1.909747708873377636e+00
3.090250066721725197e+00 2.264204749371756531e+00
1.184677433799199697e+01 2.123390506303122649e+00
7.539822382925947863e+00 2.012665135253867810e+00
3.413970999256015659e+00 2.814708059868582524e+00
3.227748284537232948e+00 1.748596236981462493e+00
4.188376578042483089e+00 2.690352058443497452e+00
4.771104686086469648e+00 2.387499697811715116e+00
3.354074467623078259e+00 2.281191882543566862e+00
3.456605751842920071e+00 1.463807071795917292e+00
6.128209710590944326e+00 2.015695762235920174e+00
4.090113160678634507e+00 2.028336112380921818e+00
4.743871048623725883e+00 2.253525077901509466e+00
4.299457952413554551e+00 2.717240819425957632e+00
3.128112401848533342e+00 2.953784404408309250e+00
3.645588406057054698e+00 1.292333990555317280e+00
7.954660343961624136e+00 2.040228617776565390e+00
6.177227641011342918e+00 2.560473493256007593e+00
3.289707600192775416e+00 2.395864115423131491e+00
3.171238886482981023e+00 1.474680823799939144e+00
1.078119922824692622e+01 2.251055512802547121e+00
4.133208090835063686e+00 1.692258863736686214e+00
3.089291194078818137e+00 2.924326793352209020e+00
7.491132779998294744e+00 2.061965385474299417e+00
1.155019342815309358e+01 2.132582125134911522e+00
3.591521468942127981e+00 1.797278005681939517e+00
1.234825500125698916e+01 2.675339108198721672e+00
4.084975133988408835e+00 2.723422205947509944e+00
3.424312661332409746e+00 2.847615041466686314e+00
3.254762286468255716e+00 2.388737862826445291e+00
3.987614054635588268e+00 2.778257897141738209e+00
3.673661171680911330e+00 2.259898060753379845e+00
4.420577202535543648e+00 2.250814419043665637e+00
3.967456759222928397e+00 2.752729421358658612e+00
3.375182242075938532e+00 1.302920228033733752e+00
6.661827889341044973e+00 2.441879278644287332e+00
3.623191895270261753e+00 2.988750441199944596e+00
8.115260722975104812e+00 2.207559540348624338e+00
3.514388020642233990e+00 2.147459655076529472e+00
3.944995264523452505e+00 2.884368303177859971e+00
4.144760852992844136e+00 2.230795891581980328e+00
1.239221359708074388e+01 2.990925080746030140e+00
9.801862772821452907e+00 1.533775180634141533e+00
3.118847690802756034e+00 2.453550182117044010e+00
4.763817889311997789e+00 2.674596385411285304e+00
3.953512075924400015e+00 1.171808302775668276e+00
3.931511559774024889e+00 2.561614753732892602e+00
6.357765407546432712e+00 2.022040736571434127e+00
5.081935284006530829e+00 2.669553240389695326e+00
4.445018270903349666e+00 1.187248758923018732e+00
3.871927718072547098e+00 2.414027912783486052e+00
3.333313126378338875e+00 2.371379898376894779e+00
3.404470638214811551e+00 2.843755044803224941e+00
3.213551863373199868e+00 2.667981483480803551e+00
4.577466058533030235e+00 2.071247427396327723e+00
9.580967444400432242e+00 1.959914891104840962e+00
3.105532992693930794e+00 2.260512121617552772e+00
3.979684108446631008e+00 2.860229623521789222e+00
3.404006478196412999e+00 2.114879007370710440e+00
5.147890248639665600e+00 2.358227413083223478e+00
3.977197498851101631e+00 2.944464443858376690e+00
1.023642641516271823e+01 2.654360257475840257e+00
3.893173168726172140e+00 1.860880822684921165e+00
3.362707681323619191e+00 2.019081117239808876e+00
3.138289678857969278e+00 1.900120799807132999e+00
3.369911281515688195e+00 2.530128283046067850e+00
5.272562533876945068e+00 2.760914884250638579e+00
3.045584836584711574e+00 2.828287140052696991e+00
3.724034333381753825e+00 2.139785265830976613e+00
3.458013978135701105e+00 1.974681020014416255e+00
3.121586921029639861e+00 2.529594611970440887e+00
5.851339560568735720e+00 2.602089105357162424e+00
5.438240213531679856e+00 2.017306801325739585e+00
3.050848510684009529e+00 1.815536173995634162e+00
6.836771597061269468e+00 1.274882544361755299e+00
3.075425387461331539e+00 2.428047832782561422e+00
3.868348861867064947e+00 2.053785188146176388e+00
3.038006608057512992e+00 2.730513850903855122e+00
3.396111618691186607e+00 2.892077919914650685e+00
3.884199614576794524e+00 2.784904127839580301e+00
3.366179460882726460e+00 2.638660799976332072e+00
8.467758116324759499e+00 2.456195209667527912e+00
3.328299334323219227e+00 2.431541254384067319e+00
5.300529385428880857e+00 2.528258414082848127e+00
4.176484540438305970e+00 2.096683004977845322e+00
4.329603669785218045e+00 2.486778600279098139e+00
3.401451336150032922e+00 2.536401205448835405e+00
3.680797103138677251e+00 2.900884240870735820e+00
8.315552364867059509e+00 1.061596107753924656e+00
5.137883062594402084e+00 1.927404132010720694e+00
3.202263431841706698e+00 2.781388924878554825e+00
4.010520841246757229e+00 1.811221885282534805e+00
4.225257828805486504e+00 2.843866321635934113e+00
4.102638834925991240e+00 2.404380133252368879e+00
3.399822527335675471e+00 2.624334678917025876e+00
3.322887421178551293e+00 2.870483156152990212e+00
3.282012599979557521e+00 1.291445491836254567e+00
5.973182276814379854e+00 2.134148736765868026e+00
6.092265107579892813e+00 2.840317778183034658e+00
6.220048350956639993e+00 2.952756084950473259e+00
3.679390767079880664e+00 2.227043565153943305e+00
1.135505732658972811e+01 2.550310676125665754e+00
3.483467135324878505e+00 2.663132859081958514e+00
4.218865582391558178e+00 1.250620515784170328e+00
7.687536896992318347e+00 2.735239052251209557e+00
4.845962397782572317e+00 1.307667833434556393e+00
3.506927017520888867e+00 2.096358643846694569e+00
3.146343677010070561e+00 2.888558765830814501e+00
3.211276334632239937e+00 2.304643687180031097e+00
3.953276081296867694e+00 2.805664670397753468e+00
8.075513570524082141e+00 2.273103407463371806e+00
3.447602655301363228e+00 2.265672491224082208e+00
3.635551864548898671e+00 2.868550616078084037e+00
3.542153126468418733e+00 2.116745946027599246e+00
6.734890068082828307e+00 1.958757200940156595e+00
3.119111159085584895e+00 2.191792605653391846e+00
5.873813652955935716e+00 1.663936369880690158e+00
1.775440178735985342e+01 2.202064018481375562e+00
3.729227447464396938e+00 1.711863485968514675e+00
4.306164094191340830e+00 2.480556576294008941e+00
5.459999183736925055e+00 2.065737524451768614e+00
7.410875261765056621e+00 1.777807772622240101e+00
4.409021992282866620e+00 1.545577734037495432e+00
6.456018331318871262e+00 1.685075100655091696e+00
6.406957119673327483e+00 1.405299921844245015e+00
3.467979102123584845e+00 1.949768677846305032e+00
3.799708370178086270e+00 1.062060364726924888e+00
3.127284591178406625e+00 2.153585606033302291e+00
3.439980231876908157e+00 2.608195814715792871e+00
4.666866536191843551e+00 1.978492639898060457e+00
5.514658146718100618e+00 2.164800883890817040e+00
3.323986742398162164e+00 1.333030365641964421e+00
5.977880722906856015e+00 1.971362303305376207e+00
5.145195707524361950e+00 1.856001525474233915e+00
3.165696043003687787e+00 2.236222114284525553e+00
4.435859932492465241e+00 2.643750109069654464e+00
8.418961426639171464e+00 1.572950384876360408e+00
4.617341352952126776e+00 2.940392718792902205e+00
4.751395655388796158e+00 2.563988659141151150e+00
4.602511969604335285e+00 2.410916885566663836e+00
6.760923816362902627e+00 2.042499612736495607e+00
3.892588598276208067e+00 1.797252595388119323e+00
4.318194710497348154e+00 2.374572423733649629e+00
5.002140467123846079e+00 2.291504761508590171e+00
5.730690394539438515e+00 1.936748451382192204e+00
8.100862042729367829e+00 2.009091794401725473e+00
1.081404384480760683e+01 1.892068849817292397e+00
6.055566138150142663e+00 1.964152172691245424e+00
3.862922184543583715e+00 2.612928167129215495e+00
4.289944927787980866e+00 2.951024092862050807e+00
6.542701963849249402e+00 1.390107987379320065e+00
3.639222582184029608e+00 1.955511596579039502e+00
3.736740989358378950e+00 2.166530134139346586e+00
6.306302553583876147e+00 2.546713290270135488e+00
9.398630349990126476e+00 2.693060737502825042e+00
4.742910650377199389e+00 1.472157316832487739e+00
3.351451740874800578e+00 2.858496285093178990e+00
3.068360790210483025e+00 2.398597297930393779e+00
8.096122978323972319e+00 2.985200697068644438e+00
6.988063428883629413e+00 1.940091501578963928e+00
4.226821010855774219e+00 2.860763116139882989e+00
3.611579097820122541e+00 2.434469043028093971e+00
3.300655945819913839e+00 2.607797180536226556e+00
4.236731209296724643e+00 2.970078330625068652e+00
3.829239395432937787e+00 2.658411020093225829e+00
3.783728336759016209e+00 2.003082825689239677e+00
3.050302591591254497e+00 2.782526293234719006e+00
1.190707702669016399e+01 1.235919526543494129e+00
3.017950925897330272e+00 2.143597922293046132e+00
4.679803632035197225e+00 2.037537559581446445e+00
4.998726612454539087e+00 2.072061969439875639e+00
3.916958297383438925e+00 2.286334382187104275e+00
3.251501880486172169e+00 1.944018926551032811e+00
3.471782910277684486e+00 1.124476763523451606e+00
3.638032354876134633e+00 2.354500445767890415e+00
4.381047060710631769e+00 2.919104948312979175e+00
5.767303860448267372e+00 2.644832189290362123e+00
4.305862008319164325e+00 1.976406344692969830e+00
3.952853717779907683e+00 1.775278271560337018e+00
1.212123105783889265e+01 2.417274284121444516e+00
7.302804017525872382e+00 2.172941842355671227e+00
3.526115713375660654e+00 2.487894121624079968e+00
5.062037572678123709e+00 2.030876913758008939e+00
3.684381627264539993e+00 2.210323533031637311e+00
4.239346502728019495e+00 2.432778035459342902e+00
3.387411639626068727e+00 1.797340372901587546e+00
5.559826422752365715e+00 2.280192301641565944e+00
3.317175230138865061e+00 2.228979417605280400e+00
9.085938057931061351e+00 2.830662151094472723e+00
5.373025350599569094e+00 2.376865493431705723e+00
4.185174480610834635e+00 1.750475810851455094e+00
3.211109513418082706e+00 2.865598963270604038e+00
6.946766463170815697e+00 2.101329238084276518e+00
3.310375288499397328e+00 2.649203573805077205e+00
1.082646429371396657e+01 2.441653569445443317e+00
3.573572087232326666e+00 2.304277399921853764e+00
5.647655288042481736e+00 1.804249331775785059e+00
3.012480253811829378e+00 1.452247118795897629e+00
4.640981708900875802e+00 2.194749246954489585e+00
3.411606879542612880e+00 1.648293668779865273e+00
4.500840300325086751e+00 2.361412791680728596e+00
3.798361949771662527e+00 2.155218296065242178e+00
3.397610759279025228e+00 2.860403208252385809e+00
4.154564517486193154e+00 1.979820634197981599e+00
9.989121621878680912e+00 2.956923219388569279e+00
4.174367211286740265e+00 2.690096112225474734e+00
4.511823542259490338e+00 2.618210484513158853e+00
1.650902284568018175e+01 2.952045426770435022e+00
3.235386854239746590e+00 2.815633059549712769e+00
3.954487026495354218e+00 2.905035330710892261e+00
3.589233762916454573e+00 1.505096280091079652e+00
4.681414174121504956e+00 2.480074965306742207e+00
3.081780259956552470e+00 2.060306624604963055e+00
3.146457900060788404e+00 1.232894675168886733e+00
7.951406846875794798e+00 2.447070969012936636e+00
7.381482122596114692e+00 1.572400391975480316e+00
3.054951955082126247e+00 1.416297940006853384e+00
3.372845668665206631e+00 2.706331402001474373e+00
3.984189907758515670e+00 2.240798827973839114e+00
3.200016805076057125e+00 2.457467797966564227e+00
3.528863193181924984e+00 2.726030944699414427e+00
3.276979525517890401e+00 2.131608711841368020e+00
5.122224756836152970e+00 2.379909739613052189e+00
3.731279535067183684e+00 2.660897591300491527e+00
3.126175056285213749e+00 1.896332026031161577e+00
6.933017557097414851e+00 2.023941520438524933e+00
6.021332240138074887e+00 1.056670757361638513e+00
3.549266574197772250e+00 1.406338805003410242e+00
3.377328986739493111e+00 2.592600833576015340e+00
4.200122457492746264e+00 2.751716893230483407e+00
6.212570411659389613e+00 1.770434098913437282e+00
8.636528199896876146e+00 2.749703414622338027e+00
1.841052322083972470e+01 1.196737782459346366e+00
4.399065460966420815e+00 2.821832677787420529e+00
8.810899722253749289e+00 1.700168394880371858e+00
4.861803430091677036e+00 1.699805401381993208e+00
3.622458530799609555e+00 2.758883188235242034e+00
3.192874286631261160e+00 1.201707405790279237e+00
1.031914051260811149e+01 2.541137385248108949e+00
3.507399069937537917e+00 2.187442502573269110e+00
7.091540316336434557e+00 1.518544585850992501e+00
5.561709275420054333e+00 2.266077596778323766e+00
4.578989272300456825e+00 1.506596363777538583e+00
3.321941938389808335e+00 2.192255147643505264e+00
7.310992524113636648e+00 2.397841272346773245e+00
6.916282350279367996e+00 2.428602099990801122e+00
5.495048361472606224e+00 1.194500373615367206e+00
3.757947431020145501e+00 2.880417301074598146e+00
4.623003207277506021e+00 2.273494547289427015e+00
3.378283492408091782e+00 2.207838415810847721e+00
3.228134112062127414e+00 2.656721019722676491e+00
7.048276964762163033e+00 2.469450277817712980e+00
6.506439984309117186e+00 1.779068113027345133e+00
3.975359461591256860e+00 2.235209684546119568e+00
4.366788784721269856e+00 2.619357776915031799e+00
4.771934383830242155e+00 2.635373903508374305e+00
3.263968052760854111e+00 1.655791414456328381e+00
3.658872819230213125e+00 1.487725440762210694e+00
4.509591673408598567e+00 1.423167850482761843e+00
4.993391356226446476e+00 2.834620391332338230e+00
3.499612296151992652e+00 2.959189238270466760e+00
5.502176505282973196e+00 2.867311780704124402e+00
5.057504792588006559e+00 1.569397589817567829e+00
3.212790780428497861e+00 2.426157581981009059e+00
3.450697332802564965e+00 2.458980394209114628e+00
3.285657177227047754e+00 2.874804978785933773e+00
4.787218113338466807e+00 1.821724188966012292e+00
3.568979065301237430e+00 2.970584793476836794e+00
3.134906315033931357e+00 2.833697205427059274e+00
3.299087730100309201e+00 2.752812731754671560e+00
3.890571692693063355e+00 2.506286998781593667e+00
2.274790410083909009e+01 1.809984191693963185e+00
2.130088487241525641e+01 2.023252881795960967e+00
3.759847254614923528e+00 2.564908791098939655e+00
3.156404312907540533e+00 2.264067794505611353e+00
4.366978084917228387e+00 1.996781348855823035e+00
3.195845354068487243e+00 2.348337064554324449e+00
4.084520279032983758e+00 2.445249877710709008e+00
3.132609161485406801e+00 2.452710436442899322e+00
3.178872300847445320e+00 1.446584135874515065e+00
3.006530261183814723e+00 1.733059402919125969e+00
6.000554176058773059e+00 1.686297715373648476e+00
3.847723258858345652e+00 2.147820821921213152e+00
3.480402797084038546e+00 1.346836608132587543e+00
7.430550030558453756e+00 2.316874539201207561e+00
3.591529177347137836e+00 2.588729486524715906e+00
5.120175223777152063e+00 2.959040341101566440e+00
3.007057427302715080e+00 2.833589055620184372e+00
4.109222253161550320e+00 2.167785333294503403e+00
3.827993633635143667e+00 2.317349042419612815e+00
4.244401619547106819e+00 2.136635274051070787e+00
6.069988094341040252e+00 2.669951371685280517e+00
4.029367657979290307e+00 2.162325765872911809e+00
5.798130018431661981e+00 1.589087246091129391e+00
3.221503313367756416e+00 2.367665822362381434e+00
6.394765869039961359e+00 1.957783685797150897e+00
3.238257546969917744e+00 2.183990404611995118e+00
3.579769762226261864e+00 2.379290384833636196e+00
5.007781623660871873e+00 2.401529966057824872e+00
3.912320617155609526e+00 2.524423954355316191e+00
3.261057652480566116e+00 2.480934504570316612e+00
4.437561427834703309e+00 2.820549245262902183e+00
3.892270831773449569e+00 2.640855940048422390e+00
5.106204280282233832e+00 2.415086167567571440e+00
3.435074171233882812e+00 2.451997140162967881e+00
3.485936235261435812e+00 2.206483278268183135e+00
8.316632327764590826e+00 2.513534648002307303e+00
3.817034141573038220e+00 1.747101784199965868e+00
3.857307215816073942e+00 2.329527315032231094e+00
6.057086628076676860e+00 1.927751888652299739e+00
4.018179587798179853e+00 2.073128211510594454e+00
3.691237540297795050e+00 2.103670820272283137e+00
3.079361723762698233e+00 1.652284774045093663e+00
6.830626333138562600e+00 2.106293380869510568e+00
3.306807224608573570e+00 2.970268097105860594e+00
8.124241375008026012e+00 1.785116774187969879e+00
1.839416970072913671e+01 2.396064636973619599e+00
4.235002011279727085e+00 2.186316813404675763e+00
9.575468488702378878e+00 2.955694239791414546e+00
3.860803782025266528e+00 2.505157019089858217e+00
3.775230674860054592e+00 1.368641181309111055e+00
1.306768829565340972e+01 2.204275574842100127e+00
3.130877130278148179e+00 2.106427021612449657e+00
3.269208416289478336e+00 2.308631694663488165e+00
4.311534760025676150e+00 1.960813511062005299e+00
3.981376886491369227e+00 2.367018569674566031e+00
3.610143534209726113e+00 1.638983425180386533e+00
3.901059826484789550e+00 2.599662247166049767e+00
5.189028094545266256e+00 2.273987042519515889e+00
3.305665246796104295e+00 2.336561518616284694e+00
1.074662187163735005e+01 1.042059829511003954e+00
3.826387687674537741e+00 2.741072445823246717e+00
3.409255289975326342e+00 2.225317295853596278e+00
3.112838413832295537e+00 2.358091966501714154e+00
3.006167028218882820e+00 2.777915880903736756e+00
3.039528690995385141e+00 2.969501443765614201e+00
3.943225957285389605e+00 2.466195952731785379e+00
3.341337049525380465e+00 2.122653344771428863e+00
3.930489552958910338e+00 2.931674469192882881e+00
1.230055235732321961e+01 2.373422319912897649e+00
4.299107048270553122e+00 2.617067912119542150e+00
3.447505303951468036e+00 2.138196841096104972e+00
3.421849988284391131e+00 1.541629853981513643e+00
5.286867692787522444e+00 2.774626946041309328e+00
3.344302768410487126e+00 2.283936452321229105e+00
9.349714769003929504e+00 2.029375797814036542e+00
6.540908001289220230e+00 1.524784880301394141e+00
5.289582872924974311e+00 1.896322117880496538e+00
3.268544530716372076e+00 2.609714855126473942e+00
4.422542760973603215e+00 2.838039848512170060e+00
3.855932139115406443e+00 2.273005628589736205e+00
4.030229510828005068e+00 2.620176718309688013e+00
5.366728042073732219e+00 2.060779050519193412e+00
3.054940003294899231e+00 2.852267300828003727e+00
4.165970265242398440e+00 2.845888058828499823e+00
4.869202081227986589e+00 2.075625371909051609e+00
3.298302953191837084e+00 2.672964768425264204e+00
3.174248450809764144e+00 1.418778641265063589e+00
2.084959241605782765e+01 2.544024521517920689e+00
3.858627564581972980e+00 2.643538095457782511e+00
3.195068641447575075e+00 1.081151705444107547e+00
3.394822723970071454e+00 1.222547027467516312e+00
4.948241643191573225e+00 2.810058856008670780e+00
3.059594056129952833e+00 2.087013778358451255e+00
3.661503361798131628e+00 1.057854283178274013e+00
7.507469515894996448e+00 2.360979818149422371e+00
3.377040604390056711e+00 2.729735016322375252e+00
6.083667090705675129e+00 2.665568739648956686e+00
3.273578700968195587e+00 1.749080331980508163e+00
5.348588256116070028e+00 1.289515266738234356e+00
6.252439665048551198e+00 1.556591750261820728e+00
3.559250895483848431e+00 2.653231314256049522e+00
5.092602543438738749e+00 2.080732869236812110e+00
4.201491963023378240e+00 2.964655107881309704e+00
3.773000647925702111e+00 1.998667363518937368e+00
5.754322367356644818e+00 1.576595673339468151e+00
3.369931678774315209e+00 1.842077150641296290e+00
3.398916083282980338e+00 1.030418040846193595e+00
3.199863817897535156e+00 2.157011713928422836e+00
7.966125129848641961e+00 2.252772073516828399e+00
7.947844832503488277e+00 1.383989513542265515e+00
3.656601644609685842e+00 1.865346158853011360e+00
3.420417684994879082e+00 1.477561080903004198e+00
3.180053186812369148e+00 2.691768530580854524e+00
4.012365591665963294e+00 2.456847668823365360e+00
5.816942712934833004e+00 1.721847768126806733e+00
3.858087811000517675e+00 2.034761732558545866e+00
3.788044834989240606e+00 2.519048849396266831e+00
3.604115322926608300e+00 1.672972224243825412e+00
9.024833378300318287e+00 2.275948990331739807e+00
3.652077820094648430e+00 1.638116409995096667e+00
3.353523258129106566e+00 2.533393341337436322e+00
6.846969616625010246e+00 1.286790756788617873e+00
4.098755054451778790e+00 1.420394196646906693e+00
3.379466713886954743e+00 2.368244436705749134e+00
3.251194147242600252e+00 1.906304140927169266e+00
4.648294558005394705e+00 2.379105183056243078e+00
3.798020165920609426e+00 2.457321380169554814e+00
3.083241046464367585e+00 2.175789612226652903e+00
3.602990625077220344e+00 2.508451182942969204e+00
3.351885572500527211e+00 1.712263389998447405e+00
3.554194338472569825e+00 2.057815430391699785e+00
8.225992282891416707e+00 2.216311575554168911e+00
3.367387162534638101e+00 2.402883432622638704e+00
5.397826630766132006e+00 1.819700723164107359e+00
5.483709444428552793e+00 1.949511065299409873e+00
7.995679184063995137e+00 1.693999001861626663e+00
3.382327305416848340e+00 2.477347725540686163e+00
4.828700073094177370e+00 2.568818080617255806e+00
6.448891922555168854e+00 2.514714666422908973e+00
4.003430305121582045e+00 1.272023356288181972e+00
4.005168182999247151e+00 1.422203212472192169e+00
4.045543170253257159e+00 2.230718249432809053e+00
3.380899451215349849e+00 2.384063406522526574e+00
4.855510461743897110e+00 1.345320318821343175e+00
1.091851433912565028e+01 1.332932426382925861e+00
4.284241670647277900e+00 1.304568057728042962e+00
4.353003628820369286e+00 2.792830437557970225e+00
3.103122118468762736e+00 2.814540508734196145e+00
3.401053313624553986e+00 2.198269477526561211e+00
7.578095847369400673e+00 2.785034365850946436e+00
7.762772279909732731e+00 2.731070015836412956e+00
5.208964514909079746e+00 2.235518394998911695e+00
6.279528908532184595e+00 2.394017223740094735e+00
6.126572712850416380e+00 2.326765788475893881e+00
3.662589276600384913e+00 1.111745055322403308e+00
3.417555870146887109e+00 1.028004636709730191e+00
5.345743694112671918e+00 2.967961340444934315e+00
4.468552480381568159e+00 2.248125323012456267e+00
5.060444128359826266e+00 2.757444857455857878e+00
1.727899624586671479e+01 1.670244074824771996e+00
6.939499531969036461e+00 1.996647976880540742e+00
6.302361988119091762e+00 2.659438776096617829e+00
1.070558937420845425e+01 2.652645373838098841e+00
6.032554552474385545e+00 2.687131675948622789e+00
5.973265741690990005e+00 2.492733994813569609e+00
3.890816941800689488e+00 2.106264485974135958e+00
5.776098220818840723e+00 2.116593298110871046e+00
4.712689021668433398e+00 1.075583038443199912e+00
6.372200481240062331e+00 2.310952717224012964e+00
7.704165630570358303e+00 2.821291280348111385e+00
4.416673657792973273e+00 2.705806936100341176e+00
3.014871271723410295e+00 1.428968745083328828e+00
3.207475913179592020e+00 1.653743207694210904e+00
3.059778535439880542e+00 2.890414383156763023e+00
3.341556962167441913e+00 2.847831514665187136e+00
5.585498014758049301e+00 2.939458553350884351e+00
1.459805868819607255e+01 2.679256792274086862e+00
3.425981838602494278e+00 2.925988570609500350e+00
3.041754130574143566e+00 2.636124278737803195e+00
3.248524203733853533e+00 1.611294966838629605e+00
3.862288219695766855e+00 2.497858867962200691e+00
3.677021527495002218e+00 2.718787108441517830e+00
8.742904161149880338e+00 2.860989002590192953e+00
3.097780746874986058e+00 1.905242998168522606e+00
7.998921872062863869e+00 2.638073292848977403e+00
5.177309277459965386e+00 2.842827257513887318e+00
3.767182597705165392e+00 2.159888101546065364e+00
3.390931563775705371e+00 2.922774248294646604e+00
3.517778465323590176e+00 2.891349316512018763e+00
8.409890556484480584e+00 2.982886073738047372e+00
4.824554421982120367e+00 1.154904209270479765e+00
3.427013627554339692e+00 2.321010634105581616e+00
4.738096613650671252e+00 2.619169153354457436e+00
3.235926539415857839e+00 2.756483732395232700e+00
3.285621561728508944e+00 1.430403855107744704e+00
7.388857373424944086e+00 2.391254438379564640e+00
6.337447302549465533e+00 2.650263083064767322e+00
3.414336126840413321e+00 1.856501755953871458e+00
4.467890382638120883e+00 2.356077512540069918e+00
5.406738900493355260e+00 1.943765247741466196e+00
3.119144864068723599e+00 1.075554143752424086e+00
3.243816720774206352e+00 2.882505309985574193e+00
3.999794994339757714e+00 2.199866617477199693e+00
5.990264915907952847e+00 2.741587575840507718e+00
3.210375932042279778e+00 1.092581356995147024e+00
3.991783288361916426e+00 2.395397255860061136e+00
4.651326857633919509e+00 2.988734155707708950e+00
5.357877704326612367e+00 2.342558731209043454e+00
4.185033473511317936e+00 1.589273240224702510e+00
5.998334943676771225e+00 1.170128511583157005e+00
5.791320475540423729e+00 2.979296009449206473e+00
4.635002914182745570e+00 1.276786383180037454e+00
3.451578459464327508e+00 2.586773781709953646e+00
6.554228449749536445e+00 2.391285384029564476e+00
3.173675602379613547e+00 2.534069453226669655e+00
3.368952051298968797e+00 1.710775484098107757e+00
7.063317584450969022e+00 1.819929776709048097e+00
3.764751050132728594e+00 2.036730466312076882e+00
8.952629454563892253e+00 2.724853387661926973e+00
7.930851090766674716e+00 1.976565357661764777e+00
3.294332171997769620e+00 2.001397207160216851e+00
3.520214744179133604e+00 2.380913265438109327e+00
3.439380766555178326e+00 1.810778883111022308e+00
3.249895739824935070e+00 2.424141825030083019e+00
3.503271604404402328e+00 2.541918165996223333e+00
9.961339484484977191e+00 2.118467371530908139e+00
1.657970672291151004e+01 1.591520118341663625e+00
3.238076277137861503e+00 1.308992089205839315e+00
3.442006662314274656e+00 2.569500861734156594e+00
6.824891343209436023e+00 2.747118636517972057e+00
3.637513193534467337e+00 2.587651834938745843e+00
4.448114272828276761e+00 2.217336971641400201e+00
5.141686372739978417e+00 1.044089393860144543e+00
9.807439329004905559e+00 2.159697817956228061e+00
1.619580285816694243e+01 2.016980073083697533e+00
5.393450230906866594e+00 2.853881325087258780e+00
4.121027720557921548e+00 2.926165438270405872e+00
4.331322255450929859e+00 2.670758242680847161e+00
5.228536681833305444e+00 2.905470510239517523e+00
3.011852110241564517e+00 2.547626626651522397e+00
8.344867246911931602e+00 1.025598747974075353e+00
7.481132643098159285e+00 1.829583766398088285e+00
1.332708602726578562e+01 1.684726643520742417e+00
5.446905299207937645e+00 2.674150295145380163e+00
2.605114034625737673e+01 2.958936555883767916e+00
5.572032801892946807e+00 1.580554331428591031e+00
4.819273353179013952e+00 1.119527583410731664e+00
3.438111701334369386e+00 2.515429759999765036e+00
3.424000539894471729e+00 2.909250750381510819e+00
3.214878582569271614e+00 1.394328018440786909e+00
3.315867766773525460e+00 1.159559526248189698e+00
3.707222044029834684e+00 2.220487246045010465e+00
3.499655721231529792e+00 2.513053432438890233e+00
7.626391940749265963e+00 1.701029474044209788e+00
3.383488791570103515e+00 1.345138292438367689e+00
7.326361003334264765e+00 1.509492483904311344e+00
5.150617430986883960e+00 1.082598829553551800e+00
6.994267852903273130e+00 1.898958467708184106e+00
4.116190017612121999e+00 2.795641660613703561e+00
3.847357869348329018e+00 2.073514149053248268e+00
3.726126005756209114e+00 2.762764708747342368e+00
4.919195688481909912e+00 1.349237378147958299e+00
3.067505940222291727e+00 1.953363930662283421e+00
3.039605370063175549e+00 2.846005554470813159e+00
4.990403955425803062e+00 1.717902213435472669e+00
4.689583101392789111e+00 2.422051403880880915e+00
3.650168782228312647e+00 1.945144606384085151e+00
1.198021783761495662e+01 2.229913690074093680e+00
5.141564632275922975e+00 1.913128511709620838e+00
4.715803691772165962e+00 2.969588389966533182e+00
3.246274709738585784e+00 1.626044832107886196e+00
4.901097437462377471e+00 2.349525453547107290e+00
3.981682453427696444e+00 2.597435033565897111e+00
3.035411913094635317e+00 2.361840898553996038e+00
4.473073962863107766e+00 2.347178836715275274e+00
3.575155908873225208e+00 1.882600934254879954e+00
4.692947838231058100e+00 2.886597533568766139e+00
1.332682698503028718e+01 1.874628657147021427e+00
4.049820319815374603e+00 2.826398440309291882e+00
4.331575010959207717e+00 1.746166451888316651e+00
3.135635228601394431e+00 2.999780037722368675e+00
1.078831468908077262e+01 1.190846671074003327e+00
4.365926888940165007e+00 2.646901749107962054e+00
4.350134788974776789e+00 2.909986254523090565e+00
9.649610314690406199e+00 2.468696091429030126e+00
5.975990027400577276e+00 2.868291082260133074e+00
5.193508216061568206e+00 2.056818845006895380e+00
3.089800060829300143e+00 2.956598335598654259e+00
1.344287319731260766e+01 1.112444196072071234e+00
8.534719099363002215e+00 2.115485737083215412e+00
3.054812559717432485e+00 2.936750109151075705e+00
3.071479808069223161e+00 1.949578335091618042e+00
3.128905461965643120e+00 1.703935783822550398e+00
3.636571224563785343e+00 2.480357704159220855e+00
9.413799604682736799e+00 1.335799803441442002e+00
3.787976479319628442e+00 2.841940985110274376e+00
4.071252863901930752e+00 1.831898652964370822e+00
4.500077965374194022e+00 2.779433180190276076e+00
4.872674157472466128e+00 2.858988572048954957e+00
5.571885364173198241e+00 1.837627683353323826e+00
4.089450614401797246e+00 2.572283369761825256e+00
3.709053707539821332e+00 2.969411139647061937e+00
3.885418259497344096e+00 2.976042305937016685e+00
4.037175956206988658e+00 2.887954530729964553e+00
3.210048551016358331e+00 2.848853121127811860e+00
5.932893034686484768e+00 2.186454858336154494e+00
3.329373188216116830e+00 2.131186534632320217e+00
3.480918315232474747e+00 2.008681381542149147e+00
5.998551880521521440e+00 2.283946999463291050e+00
8.077053160520049957e+00 1.309991310682353749e+00
3.135941027012926874e+00 2.487248701318976352e+00
9.914540992834600885e+00 1.184473584300874016e+00
3.281035720601576777e+00 1.122333762715335803e+00
5.029079234122100672e+00 1.418158298100880677e+00
3.255207520179148162e+00 1.411136469981115749e+00
3.153351455147721971e+00 2.521505914485819844e+00
4.845235912981484816e+00 1.020035808424218260e+00
3.652206295040423711e+00 2.993796807118646264e+00
4.479516210257845188e+00 1.727825353369347283e+00
4.249568769971780569e+00 1.050036633876057612e+00
3.916270530886055923e+00 1.564422279571218377e+00
4.155932318426104111e+00 2.802777613848914218e+00
3.654331320134383887e+00 2.785182379139408582e+00
3.413458999140071892e+00 2.785145958826037216e+00
3.389969659110599665e+00 2.517883276181261287e+00
4.050319966668078919e+00 1.615287655782074339e+00
6.273260884266536053e+00 2.937114908737869179e+00
1.764638488608818179e+01 2.757230388871664495e+00
3.771105813941537654e+00 1.371816263731479912e+00
3.450811596285933813e+00 2.838563752433453935e+00
3.921624543415087594e+00 2.715106564531753808e+00
5.351413448973874054e+00 2.127016103099641064e+00
3.321495672603957061e+00 2.611428252038775710e+00
3.330033524328070094e+00 1.531904256116866536e+00
4.361223266997017234e+00 1.437883557942236212e+00
6.590660364519328240e+00 1.018549797379461941e+00
1.649097241589508656e+01 1.338804820494682080e+00
3.237400233008222550e+00 2.509870240032666011e+00
3.203281747332586527e+00 1.511223168119681715e+00
3.402080363354469394e+00 1.184130201184315112e+00
3.697507024791436336e+00 1.444105754503924421e+00
3.022485412648059366e+00 2.175355208917232996e+00
3.982765045340783239e+00 2.569791887927666885e+00
5.456943739733666199e+00 1.963244142151930660e+00
5.357586013778572465e+00 2.751300242591415479e+00
1.770083791377933835e+01 2.009966035177627397e+00
3.438251139182624705e+00 2.042805092829197200e+00
3.023016004078987073e+00 1.478232570249255584e+00
3.305017791709598640e+00 2.475563034864779244e+00
5.143928998626687843e+00 1.998749299025913473e+00
5.804859362919112087e+00 1.160014233374297321e+00
1.238351769652168244e+01 1.715336001052480741e+00
3.113503030133230709e+00 1.793778421259608180e+00
3.290659269412617327e+00 2.368154237176201882e+00
6.124706681145676512e+00 1.104892543594931276e+00
4.246499194242215225e+00 1.958416342330792537e+00
4.866980695614271824e+00 2.170548191085095446e+00
3.977718598705695108e+00 2.409404244646672133e+00
5.099020994034551002e+00 2.527515066802785260e+00
3.184142280541360392e+00 2.455819475142227315e+00
3.443636163761412128e+00 2.383983129450730321e+00
3.440532937270421421e+00 2.546068795255138184e+00
5.478754706156348853e+00 2.596086294276049422e+00
3.096319564636623944e+00 2.181103958198240989e+00
