2.950124975884590661e+00 2.812009753680188684e+00
1.849030763116863429e+00 1.810955082794522886e+00
2.279183225110566369e+00 2.002086025415832360e+00
2.761438434152338584e+00 2.369027793870928544e+00
2.596851781504038836e+00 1.464294580398235457e+00
2.938003451487247730e+00 2.626055098304618696e+00
1.255504223064239477e+00 1.184720839206153453e+00
2.448679778758863002e+00 2.318567012648648618e+00
2.405736045835601633e+00 2.302026199601144185e+00
2.281696738876993535e+00 2.271282051726784879e+00
2.595373049656067188e+00 2.111895620719994593e+00
2.706369671084065232e+00 2.674899342476086961e+00
2.724112794294597517e+00 2.552962053778641494e+00
1.152742327048108750e+00 1.102935518231482614e+00
1.792717045950566135e+00 1.705494153490282550e+00
2.127645861010887263e+00 2.090451763110876549e+00
2.449052506078887248e+00 1.649466696138459199e+00
2.528094788738263432e+00 1.458146082678529520e+00
2.875133761047626191e+00 2.339682980804633772e+00
1.817632865723710189e+00 1.789059753640841466e+00
1.942014391234403448e+00 1.701582756455214396e+00
2.719687704331108513e+00 2.444112509223642427e+00
2.146480388173527487e+00 1.618542439178687120e+00
2.255568877704340558e+00 1.355221683185870996e+00
2.433003713848041372e+00 1.120841962236135414e+00
2.865996653648580583e+00 2.312615993455509500e+00
2.601738000709568066e+00 2.325185132564386414e+00
2.192663489014561762e+00 1.928485194940990244e+00
2.178031454313559045e+00 1.396543284766070592e+00
2.153207885844096836e+00 1.603097709750964661e+00
1.108336232184923942e+00 1.005575650811885380e+00
1.899313849388604591e+00 1.658364408699915638e+00
2.955961822807928741e+00 2.610375889205177380e+00
2.800323548326558054e+00 2.653999798987837000e+00
2.885240250729063760e+00 2.652133799353667776e+00
2.729383784234946653e+00 2.375675310557626929e+00
1.968130509599275380e+00 1.653590633816005795e+00
2.311953515310596785e+00 2.001686906485983464e+00
2.709127174739365262e+00 2.211411301119126094e+00
2.478303967592155210e+00 2.102629385626422653e+00
2.750205871894815246e+00 2.529190251381783217e+00
2.387000892133435137e+00 1.518439824646389047e+00
2.272821878983686261e+00 1.996207452620102574e+00
1.608621685213104335e+00 1.326367839410226512e+00
2.593676263923909708e+00 2.264707236032583282e+00
2.919274850020677992e+00 2.867344584876563296e+00
1.673421762812161928e+00 1.652012700039468207e+00
1.702430085891674771e+00 1.559225686197546423e+00
2.783221390485201230e+00 1.876157841708706142e+00
2.150653244487107152e+00 1.805273039974397253e+00
1.146193462747370884e+00 1.097713004774694578e+00
1.662257513120071417e+00 1.659632354080845085e+00
2.556415383423448873e+00 2.430997211295994109e+00
2.900863491653417725e+00 2.717824428628300648e+00
2.959076710778067554e+00 2.725083760826103596e+00
1.657065876206256894e+00 1.636685536735013935e+00
2.813022248401714442e+00 2.580124246654547537e+00
1.189551919564419302e+00 1.068256306621360396e+00
2.600911160770961850e+00 1.822278002303117095e+00
2.693672920632447010e+00 2.613677879843776086e+00
2.972650783901809479e+00 2.598482679669413375e+00
2.012821022405168137e+00 1.414757838093496201e+00
2.158558371246572349e+00 1.333923978856329295e+00
1.902151227635405784e+00 1.706088083658681143e+00
2.387910018860782024e+00 1.151769098527401392e+00
1.843688005765566240e+00 1.077778513016978357e+00
2.876094680171095153e+00 2.808117780403284858e+00
1.375703856624568289e+00 1.016844719000878916e+00
2.557394969037257937e+00 2.500412457154240542e+00
2.885342422672508178e+00 2.870152672842239294e+00
2.309374290666475815e+00 2.240602525947649415e+00
1.783238789915863265e+00 1.431877195747222720e+00
2.762081438610612949e+00 2.484329509105621447e+00
2.766211913720644677e+00 2.210954726669373649e+00
2.869386820274420380e+00 2.421442370692359347e+00
2.972979354630733262e+00 1.562455906261497995e+00
1.311114869327594468e+00 1.294648461523344896e+00
2.669666878463774040e+00 2.556028473291256375e+00
2.637634609509331707e+00 2.331196876825442743e+00
1.522838319335582558e+00 1.392182324420664363e+00
2.512057260541393777e+00 2.387921803412580868e+00
2.553999676887105608e+00 2.553499083898970845e+00
1.240607347289108375e+00 1.205625031422455917e+00
1.786746932300824708e+00 1.389744256911156661e+00
1.804205222087841287e+00 1.392215011997365526e+00
2.699670321571288945e+00 2.617254630420092099e+00
2.897646517449241621e+00 2.716458088234664281e+00
2.814526569085621155e+00 2.456950227909833195e+00
2.911413625622031986e+00 2.426412628027552199e+00
2.250101881656749292e+00 1.892630089770892976e+00
2.773325248335388959e+00 2.428856694812737249e+00
2.184570679770863055e+00 1.139768384347384922e+00
2.360167051161011997e+00 1.919280195097765596e+00
2.830095844009978379e+00 2.382554153181096979e+00
2.734434654936273468e+00 2.285691698196901100e+00
2.065864801991608601e+00 1.881017245137324378e+00
2.853056438079119239e+00 2.766223570087705586e+00
2.757715435520828429e+00 2.324911741406494592e+00
2.851114041383043585e+00 2.310505563010336161e+00
2.008730370413446487e+00 1.638723802342624492e+00
2.375050346677545221e+00 2.032036294044387681e+00
1.756935930148509017e+00 1.584159643950846519e+00
2.208951801779520441e+00 2.171908928244713266e+00
1.692900414034113066e+00 1.502242327034168934e+00
2.541517268845886690e+00 1.719979992521441403e+00
1.324455780532032945e+00 1.234371320164212360e+00
2.642973414293857015e+00 2.389900666897701864e+00
1.862530531457183836e+00 1.817109573282165380e+00
2.277384379214440813e+00 2.203147133746988118e+00
2.160741222047827037e+00 2.073152075911296688e+00
2.674986664441816764e+00 2.648633981245390512e+00
2.922125167082474384e+00 2.336457042084957081e+00
1.993950703318149165e+00 1.052357545690590257e+00
1.868578533691911403e+00 1.865710267752181517e+00
2.495216699595214749e+00 2.275446346317341995e+00
2.980909037777897730e+00 2.544763316772961748e+00
2.388224595256074778e+00 1.551683020108193256e+00
2.889044647586668901e+00 1.511388449989367055e+00
2.847775581558167790e+00 1.870897173485001508e+00
2.471219848709547584e+00 2.351772939701822107e+00
1.904657034903969981e+00 1.804184911157689086e+00
1.788706164284932898e+00 1.752263035140309677e+00
1.618475014510758259e+00 1.371208958146460155e+00
2.907237976507389909e+00 2.004436441805494074e+00
2.937439457308294699e+00 2.431506157509498944e+00
2.462524224738089629e+00 1.283291951968526634e+00
2.489897596831440740e+00 1.885693484980162982e+00
2.870462469718309428e+00 2.821391509265426922e+00
2.629230353162285816e+00 1.940845343930373890e+00
2.014510563801440668e+00 1.412383707608837691e+00
2.218365662189002663e+00 1.228374822622078089e+00
2.097095651812579398e+00 2.029391566592559926e+00
2.943487157978937674e+00 2.639820537374565124e+00
2.636559205396903138e+00 2.616094772138072067e+00
2.292708516607616431e+00 2.187220585712226661e+00
2.398057054656467457e+00 2.242557471611765774e+00
2.504988402446890028e+00 2.492207955367525596e+00
2.571743309424937785e+00 2.099763592022196868e+00
2.234574028384231248e+00 2.227781148772334241e+00
2.109350382107756161e+00 1.759276706780404931e+00
2.955026020205036907e+00 2.274344860303170623e+00
2.059156614663951501e+00 1.851142103210606349e+00
2.429506980307891695e+00 2.426421244148689205e+00
2.126096632649689067e+00 1.861759254441987643e+00
1.981869021115046037e+00 1.896274737131082633e+00
1.771384354115755233e+00 1.718526844783078822e+00
2.281294347411403578e+00 2.261116072031622348e+00
2.874135720312192888e+00 1.966163697081824147e+00
2.812646845112891647e+00 2.202932360000189327e+00
2.779519884825147003e+00 2.591818465816237982e+00
2.526672090098703194e+00 2.460972303070416256e+00
2.160354737476028575e+00 1.424259082723472680e+00
2.700830831649267516e+00 2.046454132024807748e+00
1.454309504024767330e+00 1.017789726213356616e+00
2.537258717658038343e+00 2.505513399841244659e+00
2.559215152862928555e+00 2.403599007706927360e+00
2.441924712965242161e+00 2.096040402442319373e+00
2.993440093898115606e+00 2.921873738399872966e+00
2.651100739984492805e+00 2.515467098584849293e+00
1.207950396209826360e+00 1.110432592545181674e+00
2.950742066939988195e+00 2.499418229563104887e+00
2.984449630144409227e+00 2.869949616510785173e+00
2.030067950683521971e+00 1.995552046154154269e+00
2.784291063677585498e+00 2.340862495093191775e+00
2.220195594236680670e+00 2.156601451430530503e+00
2.989974179239317298e+00 2.943187072827278872e+00
1.742346058007847809e+00 1.707802993108949785e+00
1.480866540162137035e+00 1.050125002725168288e+00
2.748007172874496806e+00 2.143421152468141688e+00
2.604263547648177468e+00 2.058872595347467360e+00
1.540805212670107061e+00 1.513685894327834847e+00
1.947850515011530836e+00 1.939060116206710704e+00
2.070148647679003862e+00 1.743053924591938530e+00
2.727694679611469830e+00 2.726804100513549045e+00
2.452453357720338012e+00 2.399249165169934361e+00
2.938012365636098355e+00 2.648171785232031894e+00
2.735105787739887440e+00 1.956490032445195704e+00
2.907621170280355383e+00 2.861709211349758863e+00
1.288088553582734885e+00 1.239284980759190358e+00
2.745312044574714339e+00 2.364241083450746572e+00
2.266287793075630219e+00 2.262164452120224656e+00
2.189861883283308330e+00 2.137624342978850400e+00
2.812632329244620699e+00 2.480199508053732238e+00
1.363778946522285151e+00 1.163815176522303263e+00
1.902206489001667000e+00 1.197496039649243782e+00
2.780301670124568858e+00 2.435171340165386056e+00
2.363348841654739907e+00 1.972721091751578948e+00
1.719451210725035706e+00 1.605640313308946521e+00
1.453441721303064593e+00 1.330724274369692095e+00
1.942407751700462093e+00 1.628990311874792374e+00
1.463927874612329205e+00 1.416653494983731498e+00
1.290728386403912298e+00 1.158649921280231698e+00
2.133240705874302812e+00 1.423873868960246147e+00
2.694774789995722841e+00 2.600750105169826742e+00
2.476816507091372355e+00 2.162494739485141704e+00
2.502452951411827886e+00 2.069315609896031027e+00
2.591256435414416970e+00 1.816765948927278718e+00
2.571332705866723689e+00 2.177797233841102909e+00
1.353014065148877565e+00 1.072147078706001899e+00
1.666677722978942677e+00 1.641098426885442940e+00
2.357514495554057010e+00 2.004546404032114815e+00
2.620545824748464980e+00 2.255549861893533681e+00
1.733650144732831633e+00 1.060366536395601189e+00
2.441921495453796886e+00 2.417194810531567040e+00
1.855936227715212494e+00 1.634450399240550134e+00
1.949879785620269201e+00 1.601883390457256473e+00
2.085976919676693520e+00 1.891385165420384151e+00
2.985119031888872509e+00 1.368147337244162376e+00
2.686397283416116721e+00 1.836210688688552306e+00
1.310591166652432360e+00 1.184676791646150695e+00
2.889876616147929678e+00 2.128844193905905513e+00
1.390824743024709376e+00 1.360477303119538073e+00
2.755431181035916666e+00 2.150643707297914986e+00
2.732814524359238106e+00 1.838223679652182696e+00
2.703531161608405231e+00 2.546434474869838649e+00
2.390218101211144752e+00 2.340715623275265944e+00
2.714647763577342943e+00 2.652059764281423870e+00
2.550702839535558653e+00 2.364651844116187007e+00
2.122408547608064300e+00 1.953701085725309650e+00
2.564522756119117286e+00 1.965529639839512566e+00
1.297055457557671154e+00 1.243901171079383028e+00
2.106401912410992505e+00 1.866555111945724432e+00
2.823537248063689109e+00 2.719360497008350475e+00
2.735951254188038195e+00 2.690644492374558272e+00
2.312029826272493871e+00 2.042299967715882403e+00
1.578423330096134336e+00 1.431161305642163928e+00
1.400124453968966343e+00 1.390383839023380919e+00
1.317662212346535355e+00 1.283205500123479892e+00
1.954915118933584273e+00 1.561443703708490061e+00
2.450976420255894350e+00 2.422844966621046314e+00
1.010489901981372007e+00 1.009107605128386709e+00
2.721230708349860805e+00 2.314394682914908241e+00
1.571272140975147114e+00 1.053892830044365070e+00
2.549687086216857246e+00 2.245040768437262635e+00
1.354241897601959232e+00 1.349981875469770776e+00
1.156360025814944237e+00 1.132044671463507957e+00
2.445410802039445386e+00 1.666585052723790872e+00
2.390763544221170989e+00 2.078140416699203907e+00
2.407077294632429254e+00 1.574035715002110258e+00
2.246447993507755037e+00 1.816115377032114120e+00
2.258039661197123849e+00 1.915363660517180211e+00
2.849805045990677854e+00 1.980915888446401318e+00
2.875339406645014861e+00 1.731410745478242807e+00
2.820414264153390249e+00 2.757736423179220075e+00
1.940969055754464767e+00 1.481354586891856950e+00
2.843575112887922973e+00 2.231802954820113261e+00
2.221295661943833544e+00 1.886392482880638877e+00
2.692325793197382744e+00 2.278718906368308872e+00
2.503321799283474203e+00 2.441913603516235654e+00
2.708376428332036845e+00 2.344140498699120556e+00
1.373444615425316373e+00 1.334772045731570156e+00
2.833344663871833813e+00 2.711169572780983916e+00
2.010335265931792570e+00 1.975801503481506183e+00
1.699194053846695640e+00 1.057783693274828574e+00
2.798475633275662844e+00 2.656078903106741773e+00
2.841861593297719146e+00 2.364644376207978738e+00
1.623184093228833946e+00 1.622610076392037470e+00
2.474613881483995304e+00 2.062093372247524758e+00
2.742190265088005674e+00 2.204066372957199871e+00
2.407374873681016325e+00 2.281010217265238893e+00
2.768381970751568666e+00 2.591310369640579925e+00
2.475963237932017336e+00 2.236735956831922500e+00
2.858607430888020495e+00 2.771357641210124623e+00
2.977677988921857644e+00 2.833312902410511480e+00
1.459952419845429450e+00 1.430397997278832101e+00
2.247497909473509470e+00 1.600068822763504262e+00
2.959046146395797550e+00 1.846981104691655329e+00
2.721327114995866214e+00 2.567429146512880678e+00
2.828943924466674531e+00 1.721570084401480738e+00
2.853438904317689762e+00 2.724113648252512121e+00
1.935701558250677135e+00 1.779637165857420378e+00
2.063956108506021181e+00 1.562924579445654327e+00
2.222293694454742230e+00 2.090430936364228831e+00
2.794769251442891900e+00 2.245492300416525477e+00
2.615521134571773487e+00 2.613111224715687353e+00
2.807041280324822807e+00 2.599874972314808019e+00
2.832834515550614274e+00 2.544605397522910373e+00
2.957462343678932459e+00 2.725345804871787347e+00
2.285664367531800245e+00 2.011526239245996273e+00
2.945984579432376016e+00 2.398795108526202036e+00
2.175580997812351924e+00 2.073517426391652929e+00
1.887705996598095126e+00 1.884654005561979373e+00
2.246740330934197338e+00 2.074084498656740827e+00
2.639839229596465664e+00 2.164812937021070027e+00
2.032943633473128564e+00 1.788950762325158150e+00
1.244893310117691332e+00 1.061275181041364979e+00
2.737786236958623221e+00 2.683543174778386664e+00
1.928007195251520756e+00 1.814465592602676702e+00
2.886113069910607898e+00 2.014786401830670481e+00
2.525649207633077431e+00 2.365728330692494108e+00
1.473392462993490470e+00 1.400549080005646596e+00
1.710249529172809480e+00 1.282652287134514069e+00
2.327923206319836957e+00 2.290401403547956960e+00
2.621521632800275725e+00 1.933315718105285130e+00
2.669474285895707233e+00 2.427533316262047602e+00
2.983373255028521243e+00 2.875070890060327233e+00
2.819272919492103568e+00 2.167658569665665613e+00
2.781657074175774014e+00 2.380004490179376209e+00
2.885222068833467546e+00 1.319981820351738389e+00
1.845221401042868248e+00 1.411457367744058722e+00
1.475921378199848810e+00 1.192738395586496081e+00
1.191752709533570709e+00 1.065586636739441539e+00
2.920109593753068999e+00 2.878923868061006086e+00
2.045510073012136054e+00 1.889487835022740869e+00
2.598251202212382260e+00 2.248506021788536202e+00
2.304051465315028580e+00 2.094376770392458287e+00
2.164477508672010053e+00 2.095723994716593541e+00
2.917265485324903818e+00 2.801497358076331601e+00
2.967069399600649859e+00 2.852989162479782514e+00
2.852271342425203748e+00 2.805780424629408021e+00
2.044937092850722671e+00 1.858607533896619257e+00
2.926820318603883919e+00 2.158841686489629819e+00
2.998021507975021649e+00 2.914800009483141441e+00
2.029126682545296045e+00 1.985573877279338983e+00
2.418097759039955275e+00 2.361653907799554197e+00
2.541878521324195450e+00 1.964748457594531539e+00
2.815538980773527378e+00 2.445120607724751149e+00
2.824908633378920619e+00 2.682244074148023127e+00
2.383445003474480295e+00 2.320716463010217723e+00
2.733103820708429943e+00 2.480143097156869203e+00
2.992696492682775933e+00 1.257446704620774680e+00
2.937955692587423506e+00 1.767720798466063892e+00
2.395957140013591058e+00 2.247219113484862252e+00
2.059713579949329798e+00 1.872272733628195018e+00
2.687931529765705374e+00 2.661113253740460038e+00
1.840218118812365189e+00 1.719122324582881056e+00
2.803387495669301011e+00 2.253870477662628158e+00
2.701177350996771143e+00 1.600995570182132344e+00
2.739524344585716698e+00 2.105595566237909555e+00
2.953218506243033392e+00 1.928480174314687767e+00
2.759598742133453353e+00 2.518991491311764808e+00
1.724713487122242261e+00 1.636832125317560616e+00
2.155261807245005823e+00 1.992102469235701445e+00
1.202226428190190211e+00 1.184458554139466768e+00
2.904676989469344051e+00 2.474469932384135706e+00
2.795262358613879616e+00 2.554475054892842767e+00
2.852334483820824662e+00 2.791671354002894567e+00
2.932842814694232914e+00 2.533902334313558491e+00
2.786625460228185247e+00 2.506488925350265351e+00
1.659052979049792542e+00 1.623890273654896355e+00
2.877544565109687813e+00 2.847587592304347659e+00
2.493021504410781297e+00 1.925119174938786593e+00
2.428250197498288188e+00 1.635031825459219768e+00
2.825096179158345766e+00 2.793249513491356861e+00
2.510852817241601365e+00 2.222987632188874851e+00
1.717284752161092332e+00 1.213060999276755370e+00
2.480163566617885174e+00 2.179593922490843827e+00
2.919949295524451482e+00 2.102789804373676130e+00
2.854492219132119146e+00 2.604186554129389375e+00
2.801249364325179680e+00 1.926784465317405992e+00
2.443445885071255042e+00 2.366776210363549460e+00
2.914662004376661564e+00 2.064474894989755782e+00
1.898877795100285315e+00 1.463569883192314958e+00
2.712898132037332211e+00 1.475284847491087348e+00
2.948758801067237201e+00 2.777708150669719434e+00
1.702476309658830234e+00 1.664508860330576212e+00
1.784157598585093707e+00 1.243593311580618366e+00
2.279667768332426458e+00 2.161855809805509399e+00
2.515748379350018382e+00 1.816375869375121965e+00
2.437843753115103596e+00 1.779053971358270703e+00
1.480639679486106530e+00 1.347221429583312702e+00
1.362792651835563085e+00 1.263830615975531479e+00
2.690449864308084749e+00 2.563862625084672331e+00
2.065003234532994725e+00 1.243279609152309284e+00
2.519835403833566190e+00 1.618658706752096554e+00
2.856477806283164611e+00 2.564469185219147018e+00
2.781321717349229061e+00 2.371685965195194257e+00
2.382512475576980204e+00 2.327592493743706026e+00
2.675732032028219187e+00 1.828170951288832002e+00
2.910927399601887622e+00 1.818879446470989203e+00
1.942300293670022215e+00 1.343516058533702706e+00
1.753915725313776708e+00 1.368194175703840498e+00
2.822723046338277086e+00 2.516596644650663350e+00
2.804945503922019245e+00 2.786608411475056446e+00
2.489418858990567252e+00 1.937281213676329550e+00
2.097127191227158072e+00 1.976738463576203975e+00
2.934696882086836212e+00 2.252688572057854444e+00
1.261276010493275201e+00 1.244476195175310274e+00
2.959247079719044216e+00 2.911726411655501501e+00
2.392659551091401493e+00 1.852358460323529687e+00
2.155418976853392010e+00 2.028706793945238562e+00
1.368054388086454631e+00 1.286183227173549604e+00
2.816671040448320174e+00 2.523027555366053498e+00
1.286930302274929661e+00 1.098096207711182659e+00
2.336499515120557202e+00 2.221152783985735457e+00
2.830423611658566152e+00 1.389412571584698552e+00
2.789286241398961863e+00 2.557678962867490746e+00
1.769240401708568333e+00 1.654340808533304008e+00
1.501699961279137074e+00 1.324946535033555639e+00
2.902641218663692513e+00 2.692062575224747789e+00
2.346190546094621965e+00 2.058995543770935743e+00
2.610212180159134920e+00 2.174221965952007896e+00
2.748597509082777446e+00 2.471602507797794335e+00
2.610279318686870020e+00 2.439857457855682643e+00
1.975037462506034958e+00 1.483614926350570684e+00
2.166651159551739703e+00 1.623052228521856710e+00
2.306112657185478199e+00 1.572784314353183444e+00
2.776860840510737560e+00 2.335139359485663757e+00
2.925328451886739067e+00 2.708297464849970471e+00
2.250200548450551175e+00 2.221915218170968043e+00
2.573862552485022270e+00 2.247585093208906315e+00
2.947516986949150652e+00 2.735049388449258601e+00
2.474878189949670126e+00 2.010491788821360704e+00
2.650905104509458710e+00 2.610651412434956686e+00
2.804787226057735339e+00 2.103555767863745984e+00
2.643533607358675930e+00 2.456673473842259092e+00
2.006515551256922159e+00 1.990794268880016649e+00
2.115815191092152325e+00 1.943668081373917556e+00
1.625600120124275794e+00 1.314340573048317973e+00
1.121514158384216975e+00 1.087312918765188430e+00
2.826416103279096870e+00 2.025187155936341021e+00
2.447653027509386625e+00 2.365590281944860429e+00
2.559779976697458714e+00 1.451213909138178826e+00
2.096927483272783110e+00 1.902008718488374051e+00
2.482879066444716898e+00 2.294505986987162682e+00
2.729517758125323823e+00 2.503792586898523798e+00
2.749762348590508942e+00 2.016229275945196076e+00
2.299161848504344796e+00 2.163895074727411050e+00
1.123994997606807100e+00 1.117429359955895762e+00
2.699860751015035198e+00 1.908741364818886010e+00
2.891642018322393426e+00 1.823658589897884541e+00
1.990141931556154153e+00 1.581390964102619812e+00
2.627415813751023954e+00 2.560720675300757865e+00
1.926477746928542567e+00 1.906336984184435535e+00
2.027156362189068695e+00 1.103493638152459821e+00
2.617404535347034766e+00 2.538167783343371564e+00
1.872845555599039979e+00 1.857504268198638231e+00
2.712114159673176594e+00 1.298200914345335910e+00
2.519655335312616984e+00 1.981482657096422129e+00
1.530578588652883099e+00 1.302458560000589127e+00
2.689491029025019575e+00 2.085308933636624396e+00
2.945873238173423836e+00 2.430909308096110610e+00
1.393439180887694917e+00 1.359034251056576936e+00
2.696224663897434759e+00 1.855597745305410662e+00
2.567351548494789970e+00 2.236398715748584287e+00
2.330513970625736953e+00 1.908578370358607001e+00
2.919445384661745635e+00 2.685618998088294962e+00
2.144108041944507104e+00 1.850499755947997871e+00
2.500232347471757155e+00 2.101873178072085846e+00
1.816239208777491010e+00 1.437648230505670366e+00
2.925694140460821213e+00 2.289321848267728221e+00
2.885632397920907977e+00 2.711105873124440624e+00
1.450575233004818276e+00 1.035475137901804787e+00
2.155438096394937553e+00 1.867103710571035746e+00
2.610640725370580562e+00 2.309192923509916451e+00
2.142528470363799009e+00 1.584939357284573802e+00
2.824324939635159737e+00 2.742695997584085443e+00
2.943176320306359450e+00 1.618625299320261890e+00
2.839228231137851388e+00 2.723534065781334945e+00
2.755277369167560053e+00 2.712243451354228174e+00
2.953705207054530213e+00 2.433588428193930397e+00
1.822923717187158177e+00 1.681140932103723173e+00
1.467318587436124977e+00 1.434472979247068292e+00
2.961051649943430064e+00 2.634074886643500424e+00
2.930073235782687746e+00 2.676300440565182015e+00
2.703809615441175929e+00 2.602188911591659437e+00
2.603799838000173672e+00 2.461821716805483895e+00
2.468580327376915129e+00 2.302071350135860062e+00
2.998074985762929856e+00 2.485049246752667695e+00
2.644920687193170306e+00 2.457118220478375026e+00
2.239684111453556170e+00 1.963238420969559250e+00
2.840652179200902516e+00 2.489496527406033000e+00
2.735167629981548387e+00 2.523325602813872415e+00
2.655051927442034998e+00 2.621902715439119014e+00
2.817160011962643651e+00 2.611510990527387666e+00
2.287266436694253002e+00 1.659487961257701594e+00
2.990954726438138422e+00 2.447842378940365382e+00
1.727943641644747785e+00 1.454188084374874679e+00
2.121592180459817456e+00 1.875459546315014769e+00
2.424879568465523327e+00 2.089573090746018380e+00
2.307462367527988167e+00 2.183163370889844579e+00
2.398102438001730619e+00 2.084936876540495643e+00
2.106802215576096593e+00 1.805543586018181434e+00
2.964775642041650450e+00 2.694021230581391535e+00
2.084434691039451337e+00 1.625311067470247561e+00
2.520631075228565443e+00 2.084966972060799950e+00
1.647551337328768462e+00 1.573038619139554672e+00
1.949424206862556685e+00 1.878265112765842293e+00
2.177576836435834995e+00 1.434807635960027028e+00
2.937179269297736539e+00 1.176829169992463120e+00
1.749542871336129624e+00 1.067872187396915917e+00
2.528567686906211698e+00 2.512661094874799605e+00
2.220737013761559631e+00 2.090267087015210912e+00
2.557852604247145223e+00 2.301004528393794324e+00
2.306306302923631701e+00 2.018507087010008139e+00
2.358983853213624471e+00 2.048224855331302496e+00
2.080998823446770896e+00 2.008182238754439020e+00
2.864296458324102179e+00 2.484114979234535614e+00
2.717543053284229071e+00 2.132859163355423693e+00
1.437722424721062042e+00 1.341894227455721511e+00
1.106578492938782965e+00 1.046320869113761987e+00
1.826539577993195218e+00 1.069462382626068297e+00
2.543997993447670858e+00 2.425017819287131005e+00
2.751137386689895159e+00 1.766864232334916185e+00
2.413348061767615071e+00 2.015141977339427459e+00
2.536507252251963607e+00 2.113825196273167339e+00
2.739349016814032645e+00 1.612956554485895699e+00
1.011492392683809527e+00 1.005076865524009877e+00
2.802510161027170099e+00 2.785610372805388923e+00
2.559974825179193836e+00 2.458410214715506026e+00
1.551542265810074817e+00 1.341605773259886503e+00
2.040763910946645332e+00 1.861377463211700389e+00
2.710685605521860886e+00 2.673511372132836961e+00
1.946795868562655851e+00 1.837474246290297319e+00
2.304118262090877778e+00 1.961958780235470545e+00
2.798752909883142515e+00 2.192765257241668486e+00
2.718095798211116687e+00 2.565113150446038937e+00
2.639480628990330757e+00 2.021923353262272460e+00
2.204684655194916409e+00 1.436378446265379027e+00
1.401942131237066125e+00 1.171223214769710808e+00
1.066895851794201766e+00 1.052184734356244267e+00
1.760294923426867664e+00 1.751257406263089011e+00
2.997246699651479496e+00 2.850081989332813315e+00
1.253603538860822653e+00 1.174617349625307838e+00
2.525694346319518058e+00 2.522493496491667209e+00
2.145423965281640477e+00 1.945925994667938141e+00
2.582293385051020795e+00 2.439542088984432588e+00
2.808647152282069737e+00 2.761877334282324625e+00
1.643297048851152464e+00 1.480725354568229735e+00
2.899445763863289116e+00 2.729171734489401757e+00
2.518142324647485442e+00 2.508135255710182587e+00
2.116800427559425657e+00 1.249817375076925252e+00
2.861957804013263829e+00 2.304421042104642048e+00
2.241038746361735612e+00 2.230307211000976064e+00
2.579371444496397991e+00 2.227956763007818086e+00
2.772817753847904854e+00 1.995264987966826054e+00
2.710563384939925768e+00 1.934678909304651251e+00
2.230239799341632967e+00 1.430750872055303491e+00
2.281540500157069218e+00 2.229777969199910004e+00
2.946181275301221092e+00 2.853161657620062464e+00
2.674257994379108716e+00 1.996126203753986195e+00
2.763646963587993888e+00 2.393090058963207589e+00
2.979016040970028811e+00 2.908930418951846786e+00
1.964469737828517415e+00 1.589821290407251952e+00
2.507658703390593935e+00 1.650249583349705507e+00
1.992371278994131467e+00 1.969978223527790284e+00
2.954442478616971179e+00 2.615304111292581002e+00
2.562437699162320115e+00 2.470723826775971244e+00
1.953098247511913854e+00 1.948922728709586938e+00
2.565343098890422002e+00 2.300193714276299595e+00
2.510186097609135025e+00 2.290746200076827055e+00
2.277043795708079799e+00 1.841516501985660526e+00
1.916166842092388301e+00 1.255128394313971940e+00
1.439862361622747500e+00 1.365986673655785522e+00
2.956109895253109077e+00 2.109102869610326891e+00
2.980099798246012455e+00 2.698386034061221572e+00
1.702250934080750788e+00 1.279828569129738858e+00
1.398060924929177995e+00 1.344306501111841357e+00
1.184034201136195508e+00 1.155508955716299857e+00
1.785325060845763145e+00 1.684066230409150933e+00
2.659217543172569531e+00 2.573798876991145512e+00
2.094388118898970141e+00 2.073122083578263553e+00
2.464472475965705289e+00 2.234056463626555189e+00
2.329444283551937112e+00 1.831846912920778392e+00
2.478242455760527374e+00 2.385356699966493910e+00
2.418858481931536630e+00 2.116120866004465917e+00
2.344470279753241737e+00 2.220141224160228965e+00
2.681207618837419648e+00 2.319028862837260174e+00
2.834609385434427864e+00 2.111277500890490710e+00
1.954120392348975832e+00 1.226671168740163020e+00
2.829912122757650472e+00 2.085692878700489139e+00
1.769233927704366272e+00 1.056759202645540352e+00
2.353395327830511086e+00 2.019241519607402946e+00
2.076655189558387349e+00 2.023540848478053711e+00
2.677479428416790874e+00 1.917081454339005120e+00
2.945042770132645593e+00 2.473021432726860258e+00
2.156894196674236319e+00 1.739636468448742868e+00
1.741060106935056417e+00 1.734163480402693303e+00
2.012412457360696738e+00 1.618261697598035065e+00
1.703575388077404940e+00 1.141273871247617588e+00
2.392111331857369905e+00 2.041096443501490221e+00
1.951002118048892342e+00 1.747515922568553481e+00
2.987963709936790835e+00 2.943355112485008362e+00
2.482844898545146783e+00 2.279646918874935313e+00
1.521112261731850657e+00 1.118806030129481988e+00
2.275949815766880491e+00 1.911245631793418776e+00
2.172205091891497020e+00 1.744139912259824898e+00
2.000295156402389196e+00 1.706125914469738492e+00
2.419808590218222033e+00 1.915207336850109909e+00
2.773590145748688229e+00 2.734142026306706441e+00
1.198689995938620800e+00 1.108638891743495059e+00
2.788090852465133551e+00 2.719683714899754357e+00
1.961029664961421615e+00 1.912078636731210146e+00
1.655395439297906668e+00 1.592048038989769321e+00
2.490676965511260832e+00 2.083342512746782837e+00
2.870721701773708556e+00 2.795593139149950890e+00
2.902260797665896508e+00 2.369677298671249321e+00
1.644682202644244917e+00 1.541671834479122927e+00
2.796935353772969535e+00 2.288759548272164324e+00
1.921968513586982397e+00 1.332833043680446750e+00
2.690375884616437840e+00 2.495012596711120523e+00
2.334413320330253949e+00 1.893465936084171242e+00
2.687790197849353468e+00 2.449248401581315626e+00
1.874889763294449452e+00 1.686687290116732463e+00
2.502923483931954962e+00 2.207726138503860458e+00
2.735545259189791523e+00 2.608996264638611784e+00
2.393015567370573748e+00 2.344116767275013835e+00
1.975554707300652524e+00 1.819045022329368377e+00
2.877848329589104637e+00 2.457889606548414374e+00
2.966431883078631593e+00 2.503445144332109074e+00
2.290982034679882595e+00 2.107182035616025129e+00
1.646535246244718920e+00 1.064567321109322062e+00
2.975180687863312023e+00 2.946822399187897012e+00
2.803908111304512119e+00 1.719516289759214889e+00
2.381871463137554379e+00 1.957039484640605842e+00
2.710364310498508456e+00 1.697224988271859747e+00
1.269828534570014211e+00 1.216592106364039250e+00
1.905227075062553732e+00 1.589962991120092761e+00
2.345248873478216645e+00 2.181647003971241894e+00
1.253502445492071793e+00 1.200153099969972992e+00
2.212439807576265238e+00 2.091520677788994309e+00
2.830212029271371055e+00 2.670210508180497655e+00
2.109545708275241793e+00 2.103144115667861858e+00
2.392240703604532115e+00 2.267191507563856234e+00
2.072669885613781293e+00 2.034693808224182554e+00
2.300316177179885457e+00 2.241393288656420957e+00
2.424518230590460455e+00 1.753384492182690435e+00
2.023226383872348322e+00 1.813251437918086406e+00
2.355716815241904349e+00 1.930007511179197888e+00
2.106152006257865139e+00 1.521536453261913557e+00
1.905499640549818130e+00 1.849036331997824245e+00
1.394786993837557443e+00 1.171236823507108005e+00
2.827157388615101574e+00 2.004133797906241021e+00
2.908870086110958653e+00 2.334347537760499414e+00
2.314998264192065669e+00 1.967902651778212331e+00
2.148016772081017933e+00 2.104308011811811152e+00
1.290515666613484935e+00 1.123615596054908350e+00
2.994377202372709768e+00 2.553497883468822227e+00
2.193660341565325744e+00 1.771738216276041333e+00
2.889354012692945339e+00 2.793175740028047027e+00
1.616676082863681696e+00 1.198038470790641297e+00
1.992117511173870703e+00 1.861202065147632867e+00
2.128891569950242868e+00 1.488967642132082103e+00
2.392314658298611008e+00 1.971579652948779238e+00
2.169548913612771024e+00 1.919456054860529726e+00
2.366154880852285647e+00 1.097607598484109825e+00
1.254189819115342663e+00 1.016262378434876767e+00
2.884488769889413717e+00 2.844456183493056844e+00
2.303890658303245687e+00 2.006424251998498054e+00
2.772078138527418023e+00 1.645971310067170679e+00
1.809012431895791417e+00 1.495133270705147233e+00
2.914408952771725403e+00 2.508806950766830024e+00
2.820411504588656193e+00 2.422973847759940735e+00
1.505635310144587624e+00 1.476273777921831343e+00
2.803284955055089789e+00 1.381477644502633995e+00
2.559185368165187491e+00 1.791208657816486083e+00
2.350715002097516937e+00 2.052494178364408839e+00
2.710043892864685056e+00 1.242292801341366326e+00
1.993078767902497273e+00 1.792177905262570148e+00
2.910800166374015951e+00 2.824267886051567089e+00
1.712153883665707310e+00 1.472884739006116606e+00
2.733959055277723316e+00 1.643896007567015483e+00
1.986968814301686814e+00 1.934039524789950226e+00
2.292971923291750258e+00 2.060890044404895871e+00
1.671821530843315529e+00 1.552347104268434697e+00
2.939327355363543504e+00 2.619667434239315806e+00
1.830068460783085493e+00 1.205984268221522937e+00
1.372654413415315133e+00 1.361270902750327805e+00
1.473835418280639908e+00 1.300426376391464078e+00
1.721772187034264601e+00 1.479068774897337901e+00
2.500726149093578154e+00 1.639996036744729491e+00
2.543175347804945474e+00 1.592398475889405196e+00
2.721319278570353717e+00 2.309536733981418344e+00
1.302543181387357585e+00 1.269933476177626197e+00
2.926275751418308868e+00 2.920065679021043081e+00
2.149051672336170782e+00 2.044429262725099061e+00
2.944587652035377978e+00 2.890826761503017650e+00
2.383246193439870098e+00 2.314820222037050623e+00
2.918772935683248804e+00 2.729246532396294000e+00
2.057695193597051997e+00 1.813029220955763687e+00
2.915781852280586950e+00 2.250251653039008204e+00
2.055892336469740123e+00 1.601847074321450126e+00
2.218769096941368701e+00 2.130267798744470920e+00
2.741106354643122245e+00 2.095185063879684950e+00
1.450931273982715375e+00 1.224674641941176034e+00
1.864495824547729885e+00 1.241288326532419717e+00
2.363620759628775048e+00 2.138175247493367070e+00
2.064285789337421129e+00 2.041006546523452148e+00
2.235202355090891935e+00 2.104611285959900435e+00
2.505362776761310251e+00 2.243635284754124104e+00
1.632923826870653405e+00 1.515837117418674662e+00
2.325165948401876292e+00 1.453870893395531994e+00
1.941869889656823611e+00 1.506267533077626064e+00
1.998970997448270115e+00 1.632930049313432885e+00
2.087836235150382969e+00 1.503370738166224463e+00
2.934976424817832719e+00 2.910072260833202140e+00
1.694372071076448494e+00 1.612689424872943089e+00
2.433970519162974355e+00 2.431763030731009412e+00
1.759300361332809093e+00 1.346990951142254422e+00
2.978426190623987946e+00 2.464141854372686957e+00
2.129081954033272162e+00 1.484900987676103234e+00
2.776137234292174405e+00 2.731688569117706855e+00
1.848541033443238391e+00 1.847812521667034247e+00
2.440734907694749101e+00 2.330467684489376801e+00
1.650340921618064449e+00 1.193164586444719788e+00
2.360801470015687187e+00 2.333605896288311055e+00
2.910392990284471182e+00 2.841483046933310774e+00
2.586954717105969692e+00 2.084152913978439603e+00
2.410616825079796133e+00 2.025031899335273167e+00
2.568825421822718447e+00 2.274171035566790788e+00
2.440909848757303102e+00 2.075705617436049977e+00
2.630725362260191602e+00 1.749726028368899788e+00
2.693101836933839976e+00 1.957141662815917282e+00
2.882371467916818641e+00 2.087827125273389761e+00
2.846684697984647627e+00 2.640619339929944687e+00
2.334992895479212294e+00 2.257561729002068862e+00
2.720912082569001633e+00 2.198538253871242354e+00
1.043238892197526191e+00 1.041895385161358156e+00
2.873714597309369623e+00 2.268881927001280108e+00
2.798523078328722491e+00 1.941177917275435982e+00
1.537830381728619189e+00 1.527374376888239516e+00
2.632554555899688786e+00 2.075222663830203818e+00
2.447596232110695880e+00 1.804955521234193672e+00
2.624105355909914117e+00 1.134938373284961388e+00
2.946414439071192604e+00 2.281523286822813024e+00
2.621676760168818454e+00 2.208138445384033588e+00
2.561225481958638639e+00 2.438244297893502832e+00
2.007422530313077935e+00 1.875513747043645152e+00
2.678987803552786318e+00 2.512602649655625964e+00
2.322393741730236272e+00 2.051021251290736647e+00
1.955641107976589854e+00 1.202959272374722444e+00
2.900816864574856879e+00 2.307834096394032919e+00
1.899192238506636876e+00 1.881884255490179791e+00
2.453132604176662568e+00 1.979552805505530921e+00
2.716173788307263859e+00 2.350557382223358083e+00
2.884789774503400572e+00 2.358720629416724446e+00
2.971291976056239292e+00 1.919775177190270243e+00
2.787666965072415959e+00 1.517232464462732633e+00
2.791011736705180102e+00 2.445485006985039789e+00
2.819085698729131728e+00 2.538208839537759332e+00
2.628483739061649338e+00 1.743762372610420552e+00
2.262538670199726987e+00 2.204371835473707186e+00
2.408006092470372117e+00 2.263279169711636118e+00
2.507972451641062861e+00 1.675547972451166157e+00
2.075039663161711623e+00 1.775717370333353973e+00
2.269440226196606680e+00 2.197106006600449302e+00
2.941768676547900085e+00 2.542947346081068982e+00
2.708566665297229559e+00 2.404878043865774195e+00
1.579077727756529326e+00 1.506558687822990850e+00
2.663077128664011362e+00 2.513603838524852030e+00
2.471828694869513843e+00 1.909162600044506775e+00
2.592588366867285110e+00 2.376603506613605532e+00
2.467836517000043806e+00 2.275455774454493429e+00
1.672198877112317517e+00 1.344978874930707446e+00
2.848797115269919189e+00 1.469279250563932049e+00
2.619447473704638263e+00 2.573765309218824182e+00
2.349538614257371538e+00 2.239194281452228985e+00
2.923443445483881575e+00 1.593003606325346544e+00
1.889973892508207243e+00 1.393625055091608056e+00
1.818537122840843123e+00 1.364387044369359980e+00
2.954964586157718731e+00 2.819043210679839095e+00
2.925299373816769410e+00 2.322228596284918289e+00
1.192634459386885615e+00 1.010455497318304197e+00
2.532045571802432171e+00 2.353352463575689502e+00
2.186012974065654202e+00 1.971603525999501505e+00
2.305739870141418457e+00 2.228507911418831977e+00
2.721289854652096718e+00 2.517313598877551684e+00
2.225281356759259310e+00 2.178820147905238258e+00
1.758612940124127721e+00 1.735944288794193380e+00
2.537477752730596059e+00 2.308519931749186238e+00
1.471081940838499635e+00 1.176800608523056901e+00
2.953764479527857034e+00 2.289457304358013534e+00
2.847872632670841231e+00 1.828033772278616409e+00
2.649011510309888351e+00 1.387175545823767786e+00
2.094064256906966737e+00 2.071168184458886508e+00
2.951487699194312420e+00 2.620156679869267702e+00
1.543918743599389520e+00 1.478351754932859308e+00
2.658970148650116716e+00 2.140105905236075134e+00
1.637646531749592960e+00 1.406883415471415599e+00
1.523308560730884720e+00 1.477379515628686191e+00
1.457567496867592682e+00 1.394333896628372482e+00
1.950899880177572321e+00 1.920197317713322249e+00
2.964349217902765510e+00 2.610851859126996910e+00
2.776614309023469840e+00 2.728461107725377310e+00
2.020702036485099828e+00 1.541329938782335596e+00
2.605275907661723345e+00 1.959767399456603387e+00
1.717195096283796962e+00 1.385960983089465470e+00
2.795368931773082544e+00 2.740743847975178671e+00
2.463715327042951486e+00 2.116898157926824009e+00
2.976672202950447321e+00 2.969817151549248191e+00
2.780634079495634126e+00 2.223101052897352048e+00
2.996554774746625682e+00 2.534198835258545390e+00
2.625262040380450301e+00 2.346400417826902451e+00
2.781556438113508278e+00 2.652645539523848406e+00
2.706215996970861681e+00 1.971829576018017338e+00
2.954721748787621838e+00 2.378671487124289552e+00
2.935685686616176682e+00 2.333352895316087583e+00
1.072887646262976169e+00 1.055736375095436275e+00
2.788903291803109585e+00 2.695917804943908536e+00
2.461881519312065336e+00 1.655620563277901525e+00
1.630148010146482473e+00 1.524309992363721777e+00
2.221153617932406732e+00 2.108002343700831727e+00
1.637982770817069333e+00 1.268378758982461330e+00
1.752988399620345694e+00 1.710600588031473190e+00
2.421797679440992113e+00 2.006758031979124279e+00
2.017153874981587602e+00 1.309604274778834121e+00
1.940013066430929856e+00 1.691010775601670790e+00
2.509064965014142334e+00 2.001879265491594673e+00
2.819129152559974649e+00 2.150523198627398269e+00
2.522585471360908826e+00 2.355287945409467287e+00
1.217640505241149862e+00 1.073295372821796212e+00
2.554681505088914673e+00 2.028603849184262398e+00
2.267322818008718599e+00 1.776808087379422529e+00
1.685634620175060050e+00 1.385101882656923911e+00
2.516574122009593406e+00 1.914623112627397372e+00
2.984217613691039439e+00 2.775009966903908332e+00
1.315552154505941873e+00 1.114050771618918967e+00
2.762613736499082595e+00 2.540894984814818791e+00
2.968452866645241883e+00 2.801426381816737976e+00
2.146252423787648578e+00 1.449777633542279176e+00
2.707512504285252142e+00 2.050850190020885311e+00
1.814245130683091567e+00 1.540946821617514839e+00
1.414005015064267790e+00 1.323465340646486244e+00
2.170945084809762449e+00 2.137464130348170510e+00
2.551015741150989502e+00 2.319386757036361324e+00
2.988973841979092771e+00 2.729398624147124419e+00
2.874805139957715028e+00 2.380485709445646414e+00
2.941341585173176121e+00 2.250372694856387135e+00
2.908346961925499130e+00 2.759886813789577786e+00
2.845051015432638941e+00 2.239255363881013317e+00
2.984291647116503743e+00 1.519749681176748357e+00
2.260388828643192127e+00 2.028008524397030055e+00
2.832125959654896441e+00 2.601711485014699843e+00
2.989951728875070991e+00 2.131431447497102560e+00
2.855807963036183672e+00 2.606509012578779760e+00
1.697758277382114045e+00 1.119638894337516399e+00
2.169101557116322354e+00 1.473554210846417911e+00
2.568529924719822333e+00 2.496385453334552196e+00
2.070263030319218878e+00 2.000862695703136129e+00
1.934950652847402530e+00 1.893064755809775734e+00
2.457055855633229591e+00 1.895765093121406064e+00
2.956436876450454498e+00 2.656983397880235298e+00
2.322737028394713743e+00 2.238101178283868009e+00
2.263881895627605445e+00 1.206953828698419162e+00
2.459888070752823008e+00 2.412811738129195582e+00
1.669151763575729586e+00 1.414477550967919273e+00
1.103029903032946457e+00 1.023972256328501640e+00
1.692268330863800685e+00 1.518013669335009475e+00
2.457252644934257546e+00 2.075772989492761234e+00
2.363576805103591028e+00 2.307203280766285669e+00
2.750570575922277161e+00 2.706093311016700920e+00
1.373005793950317077e+00 1.237998938866137877e+00
2.827832827695012874e+00 2.713342938548385597e+00
2.472053055042960246e+00 2.283851647840874133e+00
2.475998220868770971e+00 2.287980672446244590e+00
2.779017263392077108e+00 1.488120920636532896e+00
2.279738120577130989e+00 1.831763216005459993e+00
2.104906400247558373e+00 2.094094161165042323e+00
2.744607500733672989e+00 2.186101867222851158e+00
2.524127211907353452e+00 2.508676166972233723e+00
2.496514191144620032e+00 2.471332920784530707e+00
2.303018839946102680e+00 2.276016457835680740e+00
2.882261601855579780e+00 2.763656642220211346e+00
2.369491793941553848e+00 1.644900058563135703e+00
1.322339819275355488e+00 1.263649495899628494e+00
1.426679216471083089e+00 1.235506414125027819e+00
2.739401340633362381e+00 2.526183630975811667e+00
1.615373635206251546e+00 1.278647545375080519e+00
2.361869395559907936e+00 1.833767286608968039e+00
1.072902702828192556e+00 1.054618249008715480e+00
1.345281670857715772e+00 1.111376601476299575e+00
2.556086532288890822e+00 2.517283476159573929e+00
1.855264585106280784e+00 1.455438710594307850e+00
2.623075914480156534e+00 2.205243681942592904e+00
1.890804223529252148e+00 1.771839761119285761e+00
1.608126788731735202e+00 1.541983192617346177e+00
1.735888347819740885e+00 1.611155303083559476e+00
1.862466762941321408e+00 1.140909344673417092e+00
2.277965947320859996e+00 2.127372933210915029e+00
1.593499370043018448e+00 1.410091199621993363e+00
2.909982148661468315e+00 2.905182255473725217e+00
2.849495461156378084e+00 2.725584555160403877e+00
2.640013115521651077e+00 2.185695640109902360e+00
1.749861261848127514e+00 1.687019325998281749e+00
2.551814372054331592e+00 2.539476603851563485e+00
2.179451407182827261e+00 1.542418226892479094e+00
2.487404416314538125e+00 2.249310631729873222e+00
2.919505829585380852e+00 2.375060583587703000e+00
1.791816222385121948e+00 1.365813143568674448e+00
2.908590988759854667e+00 1.787104921957997306e+00
2.979341355357928656e+00 2.711203126159567933e+00
2.872297018113482814e+00 2.377511411511579631e+00
1.935076030554270465e+00 1.309086705697271258e+00
2.767577876259708525e+00 2.626127810201601687e+00
1.285376183571525166e+00 1.208791268443549338e+00
2.639617091061718490e+00 2.202042984051111763e+00
1.603309075751503610e+00 1.343886803011663078e+00
1.996853424511835673e+00 1.121724213230647305e+00
2.504159968650416790e+00 2.414620318712252800e+00
1.707004335488895297e+00 1.313683884126956469e+00
2.252872067899188480e+00 1.183296384908531618e+00
2.829639415519432433e+00 1.912076302593427091e+00
2.991546826277253324e+00 2.548585616414542176e+00
2.972093852615572462e+00 2.271043279874486842e+00
2.385017241650725595e+00 2.259694542597995515e+00
2.545658745630569708e+00 2.429605170403074332e+00
1.343226217047235549e+00 1.237969599918719021e+00
2.594322801868129247e+00 1.876064651013296114e+00
2.335904004281069923e+00 1.852940950099135842e+00
2.308638006609958992e+00 1.599087965416541302e+00
2.798842988687286315e+00 2.577409601794581118e+00
2.328172347336164627e+00 2.034380942312731033e+00
2.022774413912455493e+00 1.053884436019332682e+00
2.013164200261535974e+00 1.836136402878137952e+00
2.521608114858609362e+00 1.834327624360490683e+00
2.826726468911126222e+00 2.613852960655727919e+00
2.504123699914146961e+00 2.262483074894404478e+00
1.565012873572607877e+00 1.519650559754776475e+00
1.086557724809498415e+00 1.061521477728952778e+00
2.833105733468583409e+00 2.072154676143080465e+00
1.881887899997591207e+00 1.651652996770934800e+00
2.680424149758821706e+00 2.645765817976441614e+00
2.939604478326028669e+00 2.082883780073279567e+00
2.930008750053933575e+00 1.481728820879530728e+00
1.528645722409794683e+00 1.275618130406801276e+00
2.458585344112615090e+00 2.182812097002109208e+00
1.969355700286065769e+00 1.649454591465017828e+00
2.448848135742129450e+00 2.165687033040366583e+00
2.303785063714140158e+00 2.133773240300465002e+00
2.875749651436670717e+00 2.635140896741720695e+00
2.358881747070566970e+00 1.926382000241831483e+00
2.950302396849560971e+00 2.340296579587900716e+00
2.500880291943680334e+00 2.107218170760908560e+00
2.017243449241710174e+00 1.941985399187804218e+00
2.790968612257531234e+00 2.007669974649684441e+00
2.966415128479084728e+00 2.774105722056166456e+00
2.044307899141708518e+00 1.400432539226961204e+00
2.611797102980804475e+00 2.027224663011326200e+00
1.870493512207449971e+00 1.541973644274150290e+00
2.644698184034312227e+00 2.562972573280376754e+00
2.462601793132469297e+00 1.826305129904429725e+00
1.279023144664175549e+00 1.245889008380463903e+00
2.332945356410558890e+00 2.270846258784029903e+00
2.335174962573808966e+00 2.008108549724365588e+00
2.510881251577299800e+00 2.400024434458965850e+00
2.713314418342758660e+00 2.115581965408575016e+00
1.962803138841901385e+00 1.333518198499517915e+00
1.518833754652942236e+00 1.007267621896802856e+00
1.030925392630941406e+00 1.025521989926320376e+00
1.942445565800265284e+00 1.690702656365834722e+00
2.723815056273468649e+00 2.109243053495468256e+00
2.956204144811374057e+00 2.820966122212119842e+00
2.056216850698846521e+00 1.675486745958411294e+00
2.574603088835025311e+00 2.502391415628044236e+00
2.442417973566962885e+00 2.402617909406168817e+00
2.435504389059769625e+00 2.229938324244072678e+00
2.901112912657153320e+00 2.617716837085997561e+00
2.346893936847274986e+00 2.261484147189884997e+00
2.584685843744081168e+00 1.797317658700313014e+00
2.964948193406946153e+00 1.809965036605278188e+00
2.042516850423774954e+00 1.982518490392614741e+00
2.898651635870055365e+00 2.897153204889971523e+00
2.946228955721580167e+00 2.901625240222204472e+00
2.101651637830156183e+00 1.515270020410620200e+00
2.504796405246228819e+00 2.379911179627316464e+00
2.890750178784312396e+00 2.851140529722906880e+00
2.903103684893928005e+00 2.609928395576965876e+00
2.280190504070912727e+00 2.148462437300032946e+00
2.595737289063332121e+00 2.526743353256899471e+00
1.758719964477400088e+00 1.697534290010768165e+00
1.238404067904338213e+00 1.144102658446622289e+00
2.943329871514010154e+00 1.858241350348367904e+00
1.497547547061235163e+00 1.236631650057555598e+00
2.177269277034105777e+00 2.126493389301959969e+00
2.901409929864699144e+00 2.759531810566636434e+00
2.951108767912710817e+00 2.643027150796044111e+00
2.200295393378841169e+00 1.864031631628270125e+00
2.892433131098310461e+00 2.861862122942272713e+00
1.584759465952015445e+00 1.297546053697967938e+00
2.848700886354647466e+00 2.429614179842646493e+00
1.951337421280263884e+00 1.601419421127843634e+00
2.945142471816851071e+00 2.749541317844132582e+00
2.585173879068729974e+00 2.416138099041997389e+00
2.397947982982802984e+00 2.289322316103584054e+00
1.809941538970609942e+00 1.781035172470600392e+00
2.867352309609088490e+00 2.825522918586803378e+00
1.828467973429910076e+00 1.825424695946129772e+00
2.112546432716365885e+00 1.936474240199220098e+00
2.876428240272229431e+00 2.718495874625092679e+00
1.984271663675913677e+00 1.833164107427364131e+00
2.361643837243065036e+00 2.018660574254464546e+00
2.268234670981452261e+00 2.177093575339695608e+00
2.093853559991583957e+00 1.438783009135314650e+00
2.555911562706137286e+00 2.033504749705861592e+00
2.809918918546708611e+00 1.774406549708889447e+00
1.641060640356804878e+00 1.307762619187875508e+00
2.706228525151103348e+00 2.294595338057216605e+00
2.842739118034146806e+00 2.808163597550068058e+00
2.136834098906183144e+00 1.771548529749166878e+00
2.191565814715612959e+00 2.097755021141217480e+00
2.432121895638074349e+00 1.439709353676939418e+00
2.965981474900840631e+00 2.394877755880962855e+00
2.862049131045727446e+00 1.748342769778931993e+00
2.413169563830717124e+00 2.139537504827594194e+00
2.849646986311197505e+00 2.557248491587487127e+00
2.251261704460614688e+00 2.142874420401028157e+00
2.877361611000196717e+00 2.824418680520528913e+00
2.255400591321152781e+00 1.753645561495579264e+00
2.327479022527776831e+00 2.167940329922955378e+00
2.099799178848827275e+00 1.279179727320681970e+00
