6.553743539337526514e+00 1.264565407890940074e+00 0.000000000000000000e+00 8.134086941369761403e-01
6.782240521740044770e+00 1.304458087207494454e+00 0.000000000000000000e+00 8.277662014566494753e-01
7.034745440185766086e+00 1.273622960649206881e+00 0.000000000000000000e+00 9.508330055480899157e-01
6.905402427094008644e+00 1.255629082393153739e+00 0.000000000000000000e+00 9.352679366191671839e-01
7.075223253194332429e+00 1.287548164099040715e+00 0.000000000000000000e+00 9.487164368748651766e-01
7.023027254091751992e+00 1.280539405985817503e+00 0.000000000000000000e+00 9.490129138586193003e-01
7.049236950790619183e+00 1.285180984242260127e+00 0.000000000000000000e+00 9.528798487531614514e-01
6.873576855416822617e+00 1.279093317463929846e+00 0.000000000000000000e+00 8.944126986870435392e-01
6.758024741522252299e+00 1.254649610516500369e+00 0.000000000000000000e+00 9.100189388742598862e-01
4.642853483110347845e+00 1.728637669179477587e+00 0.000000000000000000e+00 8.684403114907091048e-01
4.698989157162516861e+00 1.636357281427008425e+00 0.000000000000000000e+00 8.430716902760029274e-01
4.739835526039215097e+00 1.636425645524891559e+00 0.000000000000000000e+00 8.278843415453239762e-01
4.973148757924989560e+00 1.626466443703355802e+00 0.000000000000000000e+00 9.432193875364509594e-01
4.953649407299324459e+00 1.661564005310658620e+00 0.000000000000000000e+00 8.151620191210701138e-01
4.688633650328625890e+00 1.630320354825395945e+00 0.000000000000000000e+00 9.647095556312081932e-01
4.617373855122345105e+00 1.672509510905930252e+00 0.000000000000000000e+00 9.742156399862909044e-01
4.734192468525040276e+00 1.678244142690822560e+00 0.000000000000000000e+00 8.025761781311590015e-01
6.717994511753395237e+00 1.298611303562468455e+00 0.000000000000000000e+00 9.339891507732484000e-01
6.542333191388533642e+00 1.283511593002141016e+00 0.000000000000000000e+00 8.395612161039576193e-01
6.515982647711766163e+00 1.286784802364776992e+00 0.000000000000000000e+00 8.147703519255455884e-01
6.657501393359613218e+00 1.281239310557392042e+00 0.000000000000000000e+00 8.858924681331155071e-01
6.550520358300901513e+00 1.256199549487981404e+00 0.000000000000000000e+00 8.815495095492900113e-01
4.972409182069209344e+00 1.596094835812139401e+00 0.000000000000000000e+00 8.333712856488872944e-01
5.023259440531670172e+00 1.613395706267128249e+00 0.000000000000000000e+00 8.459349677582520544e-01
4.849099068191494055e+00 1.650161528565727398e+00 0.000000000000000000e+00 8.333289235576093468e-01
4.755433496925215664e+00 1.615566618278165167e+00 0.000000000000000000e+00 8.221259065916075581e-01
4.841486489949569538e+00 1.690662810290268991e+00 0.000000000000000000e+00 8.482938495679988034e-01
3.809120450083366638e+00 1.999320298837480303e+00 0.000000000000000000e+00 9.619673143620300904e-01
3.877245901737691902e+00 2.041280078414491328e+00 0.000000000000000000e+00 9.571659801692020686e-01
3.752422989183969548e+00 1.985484495640884806e+00 0.000000000000000000e+00 9.515347414161313688e-01
4.766944950808196246e+00 1.631621173413513093e+00 0.000000000000000000e+00 9.736873849389062752e-01
4.826882174777201939e+00 1.596686193707407053e+00 0.000000000000000000e+00 9.864693884355794085e-01
4.913952768239215452e+00 1.607655858628371348e+00 0.000000000000000000e+00 9.026848022193417753e-01
4.853698637602098742e+00 1.592709284512989321e+00 0.000000000000000000e+00 8.918017014944971121e-01
6.304974138890807822e+00 1.255795768067171858e+00 0.000000000000000000e+00 8.087556596502570860e-01
6.558390898314369721e+00 1.308638497118506550e+00 0.000000000000000000e+00 8.814639018753983590e-01
6.227393898641427228e+00 1.230801127743757828e+00 0.000000000000000000e+00 9.574301077442063379e-01
6.488150339334724848e+00 1.264926869806150878e+00 0.000000000000000000e+00 9.115589181116011686e-01
6.481262398729280783e+00 1.282915544779427597e+00 0.000000000000000000e+00 8.744942013989479568e-01
6.571502661528073830e+00 1.299907806684510225e+00 0.000000000000000000e+00 8.733317717011833681e-01
6.683851848435427456e+00 1.311901072268825796e+00 0.000000000000000000e+00 9.205937285710373841e-01
6.621565182548541095e+00 1.298966081926630656e+00 0.000000000000000000e+00 9.804203496550450980e-01
6.578344507381464368e+00 1.289805416220358047e+00 0.000000000000000000e+00 9.519321518491339340e-01
6.866874662611449409e+00 1.320191895527732751e+00 0.000000000000000000e+00 9.853204453690959097e-01
6.573298837618001933e+00 1.266103783896763701e+00 0.000000000000000000e+00 9.706971552181378193e-01
6.245082551800194892e+00 1.323700555572139059e+00 0.000000000000000000e+00 8.151470814494504724e-01
6.352691593594276931e+00 1.278202359406831468e+00 0.000000000000000000e+00 8.915583011428405147e-01
4.637539453399834422e+00 1.768477063030857055e+00 0.000000000000000000e+00 9.430177460983903970e-01
4.941560842882288362e+00 1.537896417032941665e+00 0.000000000000000000e+00 8.939570414476323279e-01
5.114977145315969587e+00 1.593592262748846133e+00 0.000000000000000000e+00 8.745684395820224610e-01
4.371700450679614214e+00 1.810973039711073707e+00 0.000000000000000000e+00 8.095606306319620415e-01
4.314227378255631074e+00 1.779881181031608417e+00 0.000000000000000000e+00 8.149834791171193249e-01
4.446263887184875863e+00 1.832834327192562229e+00 0.000000000000000000e+00 8.038993814268204918e-01
4.362657776407186105e+00 1.820827035757470735e+00 0.000000000000000000e+00 8.154327545960382562e-01
4.289261418938636439e+00 1.776335037536058925e+00 0.000000000000000000e+00 8.330316124514325349e-01
4.343867873909084132e+00 1.726486638560051023e+00 0.000000000000000000e+00 8.306817026036845686e-01
4.539058709975549277e+00 1.740800146792494729e+00 0.000000000000000000e+00 8.285004129654859328e-01
4.376219314096177371e+00 1.718797884041108448e+00 0.000000000000000000e+00 8.348494785490023773e-01
4.459537433773874682e+00 1.779850699214532206e+00 0.000000000000000000e+00 8.168621106401847687e-01
4.333023461273987742e+00 1.736123513535087648e+00 0.000000000000000000e+00 8.392452309259010867e-01
4.302568344586867433e+00 1.732343780302529890e+00 0.000000000000000000e+00 8.497474579322190635e-01
4.395778790548473758e+00 1.827966530483856378e+00 0.000000000000000000e+00 8.895581587658522027e-01
4.437444021449939768e+00 1.868024114029818383e+00 0.000000000000000000e+00 9.042930147302498112e-01
4.457254990723230392e+00 1.872480581167988989e+00 0.000000000000000000e+00 8.895173589327999286e-01
4.422334776464365902e+00 1.815739407849200848e+00 0.000000000000000000e+00 8.670583442421506692e-01
4.415125832261533212e+00 1.819746897232072280e+00 0.000000000000000000e+00 8.800176503877752410e-01
4.118149736606623534e+00 1.910433428936983091e+00 0.000000000000000000e+00 8.712086453108145445e-01
3.669097309220142211e+00 1.954048607335048260e+00 0.000000000000000000e+00 9.992282399220068223e-01
5.460891614064533606e+00 1.519679743872269118e+00 0.000000000000000000e+00 8.186045955513890915e-01
5.495210116298275160e+00 1.533978770072299991e+00 0.000000000000000000e+00 8.239111710430845337e-01
5.469806634721551930e+00 1.527088379199248447e+00 0.000000000000000000e+00 8.297727541618395986e-01
5.407989420684900850e+00 1.537508421549293347e+00 0.000000000000000000e+00 8.652191251044255571e-01
5.202395959365811784e+00 1.540197435650451752e+00 0.000000000000000000e+00 9.340102974189573581e-01
5.207421688903996149e+00 1.551947993229795042e+00 0.000000000000000000e+00 9.179953084656112816e-01
5.263528779164253990e+00 1.568669375007059719e+00 0.000000000000000000e+00 9.221512055180627332e-01
7.677632883721755341e+00 1.184477499859200034e+00 0.000000000000000000e+00 8.916736534800513425e-01
7.628773192658724334e+00 1.168197091825812439e+00 0.000000000000000000e+00 9.237744278276037724e-01
7.618190400171976684e+00 1.167578725755064273e+00 0.000000000000000000e+00 9.187613995091632457e-01
7.299134696446007986e+00 1.130523911780531021e+00 0.000000000000000000e+00 8.763401956899469214e-01
7.597990121169246436e+00 1.194885833756305749e+00 0.000000000000000000e+00 8.013657701899574715e-01
6.841954677612141822e+00 1.240150104050957935e+00 0.000000000000000000e+00 8.256361415652486713e-01
5.851649597166457717e+00 1.479784933490067678e+00 0.000000000000000000e+00 9.288568698977305305e-01
5.219125898436215216e+00 1.608259775216209109e+00 0.000000000000000000e+00 8.913163150961745940e-01
5.750509401608021598e+00 1.405402682495534794e+00 0.000000000000000000e+00 9.079502922633400086e-01
5.602258805737571734e+00 1.376613450956151841e+00 0.000000000000000000e+00 9.081967546371011446e-01
5.871958494855635813e+00 1.457995971747716446e+00 0.000000000000000000e+00 9.182038270629359067e-01
5.974099623679250293e+00 1.440190112386279697e+00 0.000000000000000000e+00 8.669162569746456937e-01
5.926694119809438277e+00 1.431745407078035548e+00 0.000000000000000000e+00 8.737716169806220012e-01
5.922833532581810445e+00 1.432338757919678685e+00 0.000000000000000000e+00 8.966962001034129992e-01
5.724741247148615209e+00 1.406895659521646857e+00 0.000000000000000000e+00 9.288934818207703614e-01
4.739117751178774540e+00 1.661914403897806869e+00 0.000000000000000000e+00 9.574087412774373584e-01
5.487523005947293697e+00 1.453362686314374042e+00 0.000000000000000000e+00 9.162020490267126505e-01
5.556885244214229580e+00 1.477745044491247661e+00 0.000000000000000000e+00 9.198634627351885973e-01
5.683732072401988411e+00 1.391604070571202945e+00 0.000000000000000000e+00 9.145340105991126567e-01
5.285527549129213298e+00 1.573897065316337107e+00 0.000000000000000000e+00 9.177608285882742356e-01
5.355503837097732145e+00 1.635888494787924197e+00 0.000000000000000000e+00 9.481195026172487550e-01
5.151320790166541208e+00 1.526358211687507627e+00 0.000000000000000000e+00 8.903173681182120491e-01
5.346626444147326573e+00 1.516694988731425386e+00 0.000000000000000000e+00 8.423629646017589678e-01
5.362350553354754190e+00 1.515558291368947152e+00 0.000000000000000000e+00 8.413058478910546700e-01
5.358283565656600800e+00 1.530746082044101453e+00 0.000000000000000000e+00 8.434416887967939314e-01
5.548528769499506907e+00 1.547059893066776937e+00 0.000000000000000000e+00 9.118975195023931724e-01
5.540151531799246243e+00 1.510941763753442801e+00 0.000000000000000000e+00 8.450861489107581725e-01
5.397784418891429681e+00 1.508227484163892074e+00 0.000000000000000000e+00 8.591486291132579556e-01
5.271448328729700705e+00 1.624362468503117052e+00 0.000000000000000000e+00 9.536907375440516477e-01
5.225551449757626976e+00 1.609314852721633438e+00 0.000000000000000000e+00 9.504563118352998830e-01
5.220686973642923334e+00 1.634431002791085552e+00 0.000000000000000000e+00 9.914138042261450012e-01
6.369133592186497772e+00 1.275818045733739581e+00 0.000000000000000000e+00 8.884362311419511382e-01
4.901724706270772280e+00 1.633248861575813393e+00 0.000000000000000000e+00 9.007986290390610495e-01
4.699480659528556536e+00 1.577118992305963197e+00 0.000000000000000000e+00 9.317822572132963277e-01
7.204239116631861783e+00 1.211640705632407222e+00 0.000000000000000000e+00 8.899425800443564460e-01
6.435673558405656358e+00 1.276865676487073609e+00 0.000000000000000000e+00 8.336558484904088573e-01
6.731783554501043376e+00 1.321835713302976112e+00 0.000000000000000000e+00 8.527176249286927412e-01
5.259946298095582229e+00 1.601996747979632207e+00 0.000000000000000000e+00 8.378736707535953121e-01
5.104274452875068313e+00 1.580280591405296864e+00 0.000000000000000000e+00 8.994106591110453408e-01
4.596344574012721118e+00 1.770022710069808713e+00 0.000000000000000000e+00 9.270529124451459824e-01
4.514404137309409037e+00 1.655328520677849635e+00 0.000000000000000000e+00 8.245111269324029157e-01
4.522579131107588246e+00 1.682974575412390816e+00 0.000000000000000000e+00 9.134167854976344980e-01
6.652932438387115788e+00 1.284144882080124450e+00 0.000000000000000000e+00 9.459857621596758914e-01
4.684033805477004542e+00 1.678538910026494468e+00 0.000000000000000000e+00 8.032060607524595941e-01
4.717187062395186814e+00 1.692205478475970581e+00 0.000000000000000000e+00 8.247886648803047782e-01
4.073787383269928064e+00 1.752115617059112340e+00 0.000000000000000000e+00 9.985951166614369656e-01
4.608056480822820156e+00 1.691193671495653694e+00 0.000000000000000000e+00 8.162373764255873576e-01
3.981425530690651637e+00 1.881238788698737840e+00 0.000000000000000000e+00 8.444054602461251724e-01
3.898582405369108717e+00 2.123723482393660600e+00 0.000000000000000000e+00 9.952347056809498493e-01
4.928065235817249423e+00 1.696208352483302484e+00 0.000000000000000000e+00 8.166099052683912785e-01
4.646841843975972886e+00 1.761993742359387216e+00 0.000000000000000000e+00 8.686354746645214009e-01
4.476835805721772310e+00 1.860623146245248494e+00 0.000000000000000000e+00 9.471289967666094434e-01
4.513478822936346724e+00 1.762747423171755479e+00 0.000000000000000000e+00 9.762307098272255956e-01
4.568042599428465245e+00 1.737166015050024326e+00 0.000000000000000000e+00 9.383943175971490858e-01
4.438453177177503761e+00 1.775504291084745390e+00 0.000000000000000000e+00 9.430394928160636958e-01
4.652508261376162579e+00 1.751748142379510487e+00 0.000000000000000000e+00 8.059228211298328226e-01
4.403481148292176073e+00 1.680393802703144646e+00 0.000000000000000000e+00 8.050640182267260192e-01
4.912413902063982540e+00 1.597171885184289764e+00 0.000000000000000000e+00 8.341011650135083944e-01
4.864224194270779122e+00 1.645349689360871004e+00 0.000000000000000000e+00 9.331406649645218598e-01
5.089884769777435203e+00 1.631933618026552457e+00 0.000000000000000000e+00 8.238125194055863076e-01
4.852149342457083847e+00 1.748347784199384192e+00 0.000000000000000000e+00 8.876026952855018415e-01
4.533883135549524823e+00 1.777879517125205977e+00 0.000000000000000000e+00 9.794408826952830660e-01
4.594648152190926815e+00 1.740499989893798505e+00 0.000000000000000000e+00 8.486528375933655166e-01
3.999979598771184364e+00 1.917193075026653704e+00 0.000000000000000000e+00 9.602857195667703349e-01
4.474403066844860000e+00 1.807125626997077239e+00 0.000000000000000000e+00 8.170862677552847009e-01
2.941244690561410469e+00 2.439819613711019741e+00 0.000000000000000000e+00 9.356553309011607089e-01
3.122779868995623875e+00 2.546796323973432141e+00 0.000000000000000000e+00 9.117204550436973642e-01
3.043934759566018666e+00 2.507646522082617402e+00 0.000000000000000000e+00 9.330290281618575099e-01
2.864611419328566111e+00 2.624919017401443622e+00 0.000000000000000000e+00 8.541069759711308329e-01
2.923723979331140033e+00 2.841898842836735550e+00 0.000000000000000000e+00 9.102912511279263041e-01
2.860534849529035473e+00 2.624409192478803998e+00 0.000000000000000000e+00 9.150844769457129324e-01
2.886148559270300229e+00 2.683199790887866421e+00 0.000000000000000000e+00 9.275423618034820405e-01
2.932320696499191026e+00 2.674670227780777232e+00 0.000000000000000000e+00 8.940181143144716458e-01
4.164721515874640900e+00 1.850225599186299030e+00 0.000000000000000000e+00 8.793102377245738399e-01
4.136782983031775274e+00 1.875204073998757437e+00 0.000000000000000000e+00 8.971414426843874468e-01
4.062057660031745954e+00 1.799512246225447809e+00 0.000000000000000000e+00 9.387899932865807484e-01
4.049161405509305034e+00 1.788890734861287912e+00 0.000000000000000000e+00 9.359658340496904705e-01
4.311215956057668386e+00 1.893052273450301470e+00 0.000000000000000000e+00 9.699875892853376813e-01
7.916595344091766684e+00 1.187658929984498402e+00 0.000000000000000000e+00 9.410446753594895464e-01
4.440773855105626389e+00 1.836743108549008685e+00 0.000000000000000000e+00 8.425597570228879896e-01
3.866934226480709835e+00 1.999342433811185371e+00 0.000000000000000000e+00 9.624322232307327418e-01
4.627464255455000952e+00 1.671670450958464338e+00 0.000000000000000000e+00 9.957432537971798725e-01
4.474583616891647075e+00 1.772678952308390787e+00 0.000000000000000000e+00 9.926663999579683484e-01
4.307286166261909521e+00 1.833898525020190240e+00 0.000000000000000000e+00 9.480926179199579140e-01
4.084804061514345719e+00 1.870123289324769678e+00 0.000000000000000000e+00 9.637432209895296920e-01
4.395556069542750244e+00 1.911509735904832974e+00 0.000000000000000000e+00 9.821260254311205973e-01
5.380961221570363939e+00 1.490073390671363240e+00 0.000000000000000000e+00 8.825083398889985720e-01
6.792503586717177910e+00 1.248568593831936413e+00 0.000000000000000000e+00 8.681675980930669834e-01
4.465670282038967542e+00 1.766133834972509087e+00 0.000000000000000000e+00 8.733909069050437290e-01
6.444525225741392305e+00 1.277026740255098991e+00 0.000000000000000000e+00 9.481315994797321345e-01
2.916230953231174539e+00 2.516085865746469086e+00 0.000000000000000000e+00 9.731872870431137468e-01
4.842588046814194414e+00 1.608146097289251841e+00 0.000000000000000000e+00 8.337557161392264993e-01
6.980037447192052547e+00 1.200367330179999970e+00 0.000000000000000000e+00 9.440183019725276736e-01
6.916515959005476333e+00 1.227044233321979094e+00 0.000000000000000000e+00 8.571645207043077086e-01
4.679516703615201223e+00 1.642069821705378851e+00 0.000000000000000000e+00 8.557079965858591653e-01
4.743243259262359679e+00 1.634612842506619312e+00 0.000000000000000000e+00 8.456221891527750945e-01
4.796223453519417923e+00 1.666245583619359261e+00 0.000000000000000000e+00 8.353786441061759049e-01
4.197757106527467919e+00 1.767427027667619388e+00 0.000000000000000000e+00 9.124127239392056943e-01
4.312206512921117785e+00 1.776056603919923038e+00 0.000000000000000000e+00 8.978071828042571978e-01
4.463348670376982241e+00 1.716734330708744150e+00 0.000000000000000000e+00 8.139061757575845046e-01
4.350560820893644376e+00 1.779217432070968385e+00 0.000000000000000000e+00 9.830946887679905544e-01
4.166174792195604049e+00 1.785522506220651895e+00 0.000000000000000000e+00 9.968437891912246274e-01
4.259867203848113348e+00 1.797336035989887337e+00 0.000000000000000000e+00 9.941425804918408993e-01
4.198362992458913645e+00 1.781436394818709745e+00 0.000000000000000000e+00 8.775437305105083796e-01
4.259929734645965027e+00 1.756900682504302535e+00 0.000000000000000000e+00 9.532062200201935065e-01
4.202769438763146681e+00 1.742615774808953910e+00 0.000000000000000000e+00 9.492205292572777342e-01
5.052044773776995790e+00 1.592645949453933785e+00 0.000000000000000000e+00 9.215050698165559995e-01
4.370399481455113033e+00 1.821101720716603811e+00 0.000000000000000000e+00 9.867227248280666663e-01
4.091067050698224072e+00 1.847074099200601616e+00 0.000000000000000000e+00 9.218965351376596784e-01
4.210624628639649814e+00 1.791282127543351033e+00 0.000000000000000000e+00 8.478847766882707804e-01
4.477455579418980314e+00 1.845979299290311015e+00 0.000000000000000000e+00 8.456075838698140501e-01
7.641372498140394320e+00 1.127115040431565074e+00 0.000000000000000000e+00 9.920987661721183404e-01
7.568938993595197395e+00 1.116430979103063326e+00 0.000000000000000000e+00 9.728172696401650166e-01
4.062444723416947845e+00 1.912292964447414922e+00 0.000000000000000000e+00 8.886285737096972781e-01
4.155117208687525654e+00 1.756469315912382312e+00 0.000000000000000000e+00 9.423463571058883215e-01
4.744687398845693238e+00 1.701143673535835177e+00 0.000000000000000000e+00 9.962969597315498582e-01
5.112731023833705812e+00 1.605940190417334268e+00 0.000000000000000000e+00 9.447409783626464774e-01
5.150915418159064174e+00 1.607985748966540562e+00 0.000000000000000000e+00 9.272727978806259985e-01
6.714750844047658873e+00 1.250300912311457013e+00 0.000000000000000000e+00 8.077147176662711203e-01
5.282691744226164055e+00 1.537748370084627059e+00 0.000000000000000000e+00 9.282072620364691939e-01
4.874021321579380839e+00 1.574870292525659465e+00 0.000000000000000000e+00 8.858760253812876240e-01
3.891195977419163565e+00 1.889579229612446953e+00 0.000000000000000000e+00 9.955274291825727540e-01
4.269239574746775290e+00 1.832121190351999385e+00 0.000000000000000000e+00 9.378159391190719063e-01
4.338415588770258680e+00 1.775529960122493200e+00 0.000000000000000000e+00 8.795910244535296574e-01
4.307120083616565509e+00 1.755945236512000740e+00 0.000000000000000000e+00 8.945663912106786020e-01
5.050141874330715375e+00 1.584477431577560047e+00 0.000000000000000000e+00 8.253653743934133979e-01
7.269107792299520199e+00 1.234722607878175671e+00 0.000000000000000000e+00 9.257010359588561110e-01
4.194487410296640739e+00 1.872199443322208223e+00 0.000000000000000000e+00 9.153243229737768605e-01
3.746843534027187506e+00 2.049729171960027685e+00 0.000000000000000000e+00 8.166824412450937043e-01
4.897338755557976597e+00 1.646947289384569135e+00 0.000000000000000000e+00 9.998859781449596085e-01
5.138827660298916022e+00 1.466699805482932328e+00 0.000000000000000000e+00 8.887650872353541898e-01
4.692321079341400747e+00 1.718420292878081623e+00 0.000000000000000000e+00 8.346836637707699680e-01
7.566803479967017410e+00 1.140140579861463443e+00 0.000000000000000000e+00 8.586832477354232607e-01
7.432851026922638660e+00 1.192378125532918220e+00 0.000000000000000000e+00 8.376414916651279130e-01
5.604934345895903114e+00 1.394333196558094512e+00 0.000000000000000000e+00 8.165080756442195664e-01
4.798395168231842867e+00 1.622975896904338855e+00 0.000000000000000000e+00 9.159463766400639528e-01
4.761490387227643062e+00 1.577624731241541456e+00 0.000000000000000000e+00 8.876251031230721900e-01
4.910099913392989457e+00 1.597688025631349040e+00 0.000000000000000000e+00 8.828266615626629843e-01
5.306816708390064363e+00 1.506246367398533570e+00 0.000000000000000000e+00 9.274239084619813056e-01
4.343995446038015018e+00 1.776615324136507690e+00 0.000000000000000000e+00 9.955170857822847053e-01
4.034235699912960271e+00 2.061589660579354888e+00 0.000000000000000000e+00 9.405397240566250039e-01
3.873379590811787843e+00 1.971577470402606558e+00 0.000000000000000000e+00 9.556749722014333814e-01
3.991221787981338753e+00 1.982404097737177739e+00 0.000000000000000000e+00 9.454786937743762110e-01
4.178715024903913999e+00 2.031231949324095343e+00 0.000000000000000000e+00 8.761529032985455601e-01
4.136962610307974408e+00 2.003723857430604660e+00 0.000000000000000000e+00 8.680001973872792931e-01
4.146445668062226808e+00 2.004539490165054172e+00 0.000000000000000000e+00 8.716616957657467024e-01
4.081848368614076961e+00 2.009943932858070159e+00 0.000000000000000000e+00 9.208831789912558241e-01
4.691598176578823498e+00 1.688889653852993389e+00 0.000000000000000000e+00 8.468478083325053918e-01
4.631409114865743248e+00 1.699072408598602646e+00 0.000000000000000000e+00 8.700385275985422773e-01
4.756296597255057712e+00 1.734791661175767219e+00 0.000000000000000000e+00 8.463800070922465890e-01
4.657358570991617874e+00 1.706491084901288424e+00 0.000000000000000000e+00 8.466853315621110099e-01
4.640832074731829238e+00 1.713753739569534140e+00 0.000000000000000000e+00 9.224140164078344917e-01
4.510052111822656862e+00 1.745349042691488162e+00 0.000000000000000000e+00 8.867870670294984992e-01
4.319058058841762637e+00 1.770525450577863369e+00 0.000000000000000000e+00 9.728869515728413297e-01
4.241734629152550617e+00 1.803851073706120856e+00 0.000000000000000000e+00 9.868138891148164893e-01
4.299166985297736332e+00 1.813277846340500599e+00 0.000000000000000000e+00 9.781653956739287947e-01
4.307593530202409760e+00 1.864910704957720267e+00 0.000000000000000000e+00 9.883013624487474447e-01
4.707187125368885283e+00 1.704048133952317912e+00 0.000000000000000000e+00 8.234398118118940735e-01
4.405696354200514087e+00 1.740229603689083859e+00 0.000000000000000000e+00 9.123675484255902024e-01
4.574535651902600364e+00 1.669967041179646339e+00 0.000000000000000000e+00 9.565782766697933370e-01
4.453603107087011459e+00 1.856386006715770920e+00 0.000000000000000000e+00 9.186351154153414855e-01
3.755449704295691138e+00 1.937060053748147492e+00 0.000000000000000000e+00 9.284618923213192598e-01
4.644007386689141370e+00 1.792700511448637180e+00 0.000000000000000000e+00 8.657966479837980733e-01
4.624405040906879982e+00 1.763840865528427004e+00 0.000000000000000000e+00 8.670637982202358263e-01
4.517905398905551095e+00 1.747941741448299835e+00 0.000000000000000000e+00 8.521563950580097746e-01
4.543806814321801113e+00 1.752946404319786877e+00 0.000000000000000000e+00 9.435635744943525749e-01
4.269368602761776543e+00 1.757194494742440938e+00 0.000000000000000000e+00 8.950799734253551687e-01
4.430929928219588199e+00 1.830267332105721678e+00 0.000000000000000000e+00 9.885036289285300537e-01
4.488278048907467621e+00 1.831572920217414469e+00 0.000000000000000000e+00 9.661495401623038104e-01
4.088420953396198598e+00 1.809174743935122232e+00 0.000000000000000000e+00 8.374642371047008593e-01
5.607127031857382704e+00 1.355576149201865643e+00 0.000000000000000000e+00 9.963272581434166053e-01
5.048522835918037188e+00 1.639357799236693447e+00 0.000000000000000000e+00 9.884435554750765629e-01
4.910959448328999777e+00 1.606309469807599477e+00 0.000000000000000000e+00 9.924564271104868718e-01
4.976886144506204701e+00 1.614747891301781202e+00 0.000000000000000000e+00 9.748494595212292557e-01
5.102310604501183455e+00 1.575782046189545094e+00 0.000000000000000000e+00 8.635988479870202461e-01
5.451645184713798109e+00 1.450488083698752595e+00 0.000000000000000000e+00 8.659496301657202411e-01
5.313698222447531094e+00 1.497818844674336791e+00 0.000000000000000000e+00 8.991473711656137180e-01
5.296372978389483066e+00 1.507929299732661654e+00 0.000000000000000000e+00 8.493655246975017059e-01
5.333964864394133976e+00 1.504600750877916671e+00 0.000000000000000000e+00 8.330636320710489429e-01
5.429577614854451895e+00 1.455435933320645692e+00 0.000000000000000000e+00 8.068034855393712013e-01
5.150260510612685749e+00 1.510408069636115069e+00 0.000000000000000000e+00 8.901597156640078667e-01
4.999064229080311783e+00 1.606711114922063866e+00 0.000000000000000000e+00 8.905674057205646976e-01
5.015941236255977209e+00 1.614408727923450249e+00 0.000000000000000000e+00 8.224185331962516887e-01
4.368957256589783178e+00 1.714522467687075391e+00 0.000000000000000000e+00 8.464510662573301314e-01
4.612340216753297639e+00 1.685914941002571110e+00 0.000000000000000000e+00 8.482482080662574475e-01
5.276615547139271278e+00 1.641651690691160903e+00 0.000000000000000000e+00 9.193382104901536289e-01
5.858769560167731427e+00 1.421539431199268400e+00 0.000000000000000000e+00 8.331222560654863996e-01
4.098708312253037889e+00 1.974380453506810351e+00 0.000000000000000000e+00 9.410705566075053818e-01
4.191172376154004731e+00 1.792841644790212685e+00 0.000000000000000000e+00 8.606025831466866949e-01
4.109834090352934233e+00 1.809387773291930568e+00 0.000000000000000000e+00 9.977000568816003501e-01
4.194473149537143897e+00 1.805039231383877008e+00 0.000000000000000000e+00 9.620821501467097248e-01
4.154750147652300107e+00 1.786517280307966749e+00 0.000000000000000000e+00 9.649342780546918963e-01
4.346145014128039996e+00 1.863084741763391783e+00 0.000000000000000000e+00 9.925605404585537972e-01
4.016507622259210208e+00 1.775387684215292472e+00 0.000000000000000000e+00 9.825569169097282396e-01
5.279073166548843510e+00 1.436879022947997075e+00 0.000000000000000000e+00 8.997840793973128637e-01
5.558207138198365094e+00 1.482351596826361861e+00 0.000000000000000000e+00 9.162254611765738854e-01
6.790725145832351650e+00 1.259657086424735617e+00 0.000000000000000000e+00 9.707175253940606430e-01
6.702299075045640819e+00 1.306493894394166633e+00 0.000000000000000000e+00 8.571395841917001102e-01
5.213290037446715708e+00 1.550127768230191272e+00 0.000000000000000000e+00 9.031694128356982931e-01
6.500545172462777188e+00 1.292353464555626275e+00 0.000000000000000000e+00 8.066017301955888952e-01
6.660795403338573450e+00 1.290702564556073906e+00 0.000000000000000000e+00 8.053014383715083602e-01
6.741346462096348802e+00 1.276520683925510991e+00 0.000000000000000000e+00 8.900919479605891027e-01
6.912763885278352838e+00 1.328029264122063458e+00 0.000000000000000000e+00 8.514056845625284087e-01
6.854237345260968617e+00 1.328626919730315992e+00 0.000000000000000000e+00 8.416567455099075445e-01
4.716986886602120954e+00 1.657577207567163535e+00 0.000000000000000000e+00 9.639524767987052156e-01
4.027350602625220155e+00 1.871236005601957908e+00 0.000000000000000000e+00 9.240364884985129423e-01
5.130869447829720542e+00 1.623321279782617976e+00 0.000000000000000000e+00 8.050347279275721357e-01
5.075594738138434536e+00 1.614950227592707899e+00 0.000000000000000000e+00 8.024698081259897808e-01
4.749889903249826517e+00 1.576282533804979957e+00 0.000000000000000000e+00 8.319045398037234751e-01
4.493924321364137775e+00 1.791213163336679681e+00 0.000000000000000000e+00 9.971614695793330485e-01
4.376938327066273615e+00 1.679208593179668307e+00 0.000000000000000000e+00 9.707567731613692130e-01
4.626192039575058423e+00 1.713096590402726438e+00 0.000000000000000000e+00 9.336453456219028224e-01
4.597696750238847052e+00 1.643050296058353510e+00 0.000000000000000000e+00 8.623650142370408167e-01
4.821803596967245475e+00 1.701475208313419918e+00 0.000000000000000000e+00 8.932514221475065241e-01
4.386238155450416620e+00 1.648024276359756568e+00 0.000000000000000000e+00 9.830813735726583458e-01
4.558561873914189100e+00 1.670682820550321024e+00 0.000000000000000000e+00 8.010882748309402501e-01
4.590091964885837150e+00 1.686170329262716372e+00 0.000000000000000000e+00 8.119511410552611164e-01
4.226286619921813426e+00 1.785090208050254423e+00 0.000000000000000000e+00 9.972067125627718243e-01
4.361549583308463873e+00 1.795521288450243613e+00 0.000000000000000000e+00 9.810527224913755395e-01
4.715763114606795980e+00 1.780380121357252543e+00 0.000000000000000000e+00 9.017315748681101750e-01
4.722668977381248467e+00 1.739424186102260572e+00 0.000000000000000000e+00 9.047075951858710718e-01
4.793707370295822834e+00 1.677708008099081605e+00 0.000000000000000000e+00 8.672126739808903029e-01
4.830152751022856350e+00 1.690586622706140352e+00 0.000000000000000000e+00 8.669396305080349086e-01
4.850752733726132249e+00 1.704534547786654031e+00 0.000000000000000000e+00 8.625902395497331288e-01
4.813012948167093796e+00 1.654383381833868238e+00 0.000000000000000000e+00 8.727370016225668437e-01
4.932397047725695316e+00 1.716867477192340674e+00 0.000000000000000000e+00 8.832799952651707587e-01
4.895365143289895471e+00 1.697867348727868153e+00 0.000000000000000000e+00 9.039625037936432905e-01
4.881661233633231234e+00 1.714669038747002050e+00 0.000000000000000000e+00 9.101733286401922918e-01
4.866108128273646471e+00 1.752576943704650558e+00 0.000000000000000000e+00 9.285713293359710852e-01
4.812088605609537773e+00 1.727422130549220114e+00 0.000000000000000000e+00 9.218396193139869466e-01
4.854691194433419454e+00 1.734720417600717601e+00 0.000000000000000000e+00 9.231449748842810443e-01
4.489981232009719214e+00 1.728838887903489052e+00 0.000000000000000000e+00 9.619113946630858392e-01
4.598902073692090475e+00 1.769360417532010565e+00 0.000000000000000000e+00 9.495856197106720131e-01
4.541390271690821656e+00 1.762596701252854725e+00 0.000000000000000000e+00 9.472651265839147072e-01
4.566091930699778700e+00 1.771539749117223117e+00 0.000000000000000000e+00 9.453782146804395881e-01
4.455892060673467547e+00 1.684107271372912162e+00 0.000000000000000000e+00 8.985367349489428168e-01
4.999964829119537768e+00 1.662782523150625247e+00 0.000000000000000000e+00 8.818212561602761790e-01
5.816353898800864286e+00 1.460750017370479714e+00 0.000000000000000000e+00 8.674002871138781767e-01
5.792981005481252943e+00 1.417586213277448826e+00 0.000000000000000000e+00 8.077654979267122615e-01
4.627456218232754104e+00 1.611894925218006813e+00 0.000000000000000000e+00 9.666031312006776455e-01
5.784637595690265144e+00 1.429465706363992394e+00 0.000000000000000000e+00 8.147325782490357771e-01
5.879431881186454767e+00 1.432153704788132309e+00 0.000000000000000000e+00 8.293159173592274946e-01
5.866198586182896690e+00 1.423863050240042893e+00 0.000000000000000000e+00 8.296551199583726000e-01
5.877244554500103746e+00 1.447447023865413795e+00 0.000000000000000000e+00 8.473753140502803261e-01
5.705925884287101013e+00 1.410700081536384376e+00 0.000000000000000000e+00 8.671907494519273119e-01
5.912722403193281018e+00 1.454785173407260990e+00 0.000000000000000000e+00 8.415794008513809432e-01
7.367505429524990213e+00 1.233883990142648379e+00 0.000000000000000000e+00 8.952918619864853600e-01
7.472582470593127191e+00 1.262906547547711700e+00 0.000000000000000000e+00 8.560960448579383320e-01
5.023402190160723535e+00 1.699354808015679286e+00 0.000000000000000000e+00 8.277026914232549215e-01
6.873678786874920732e+00 1.263998492944813146e+00 0.000000000000000000e+00 8.254781470327020587e-01
5.288546977971773089e+00 1.614866764991378378e+00 0.000000000000000000e+00 9.737958280295812008e-01
4.891816727403377918e+00 1.623135292355875059e+00 0.000000000000000000e+00 9.252977225852316856e-01
6.772077174347985284e+00 1.166478838879410507e+00 0.000000000000000000e+00 9.489359814451531205e-01
7.012450641852922217e+00 1.207921350342914035e+00 0.000000000000000000e+00 9.605551726025625126e-01
6.506556812692405600e+00 1.299414038030618501e+00 0.000000000000000000e+00 8.161419589760875448e-01
6.524706482462225843e+00 1.262674041175218864e+00 0.000000000000000000e+00 9.241357751996965852e-01
7.016311368392541326e+00 1.298120072273252656e+00 0.000000000000000000e+00 9.789338255191462057e-01
6.547305108451864974e+00 1.247997258708420931e+00 0.000000000000000000e+00 9.151168861881303629e-01
7.427614707446119624e+00 1.180622747115966265e+00 0.000000000000000000e+00 8.029942206407887362e-01
6.564622283306486672e+00 1.278196988481167251e+00 0.000000000000000000e+00 9.416243436474519557e-01
3.871146284136226523e+00 1.927992800794545714e+00 0.000000000000000000e+00 8.797108566230069648e-01
6.378247508731166526e+00 1.262308316007048070e+00 0.000000000000000000e+00 8.305566563820461212e-01
6.908834676074437020e+00 1.170629880788603527e+00 0.000000000000000000e+00 9.248732080083058582e-01
6.906317127469701056e+00 1.335674636153687977e+00 0.000000000000000000e+00 9.452522051752800802e-01
6.142716496988065877e+00 1.327042552326171743e+00 0.000000000000000000e+00 9.343427147667380250e-01
6.838703473082084372e+00 1.287477969909016640e+00 0.000000000000000000e+00 9.247083652498105932e-01
7.300376386621428182e+00 1.177480488234190936e+00 0.000000000000000000e+00 8.397309067929129567e-01
7.571975308514352854e+00 1.192650546545284129e+00 0.000000000000000000e+00 9.483521412927015115e-01
7.598783935866134875e+00 1.205041940372787668e+00 0.000000000000000000e+00 8.952462067839774829e-01
7.400584641473605174e+00 1.183514677951183813e+00 0.000000000000000000e+00 8.546477661808521420e-01
7.454244173395514039e+00 1.213342804148630938e+00 0.000000000000000000e+00 8.369081678057335161e-01
5.145755551602054112e+00 1.559024133537958212e+00 0.000000000000000000e+00 9.704230872444442602e-01
4.893987828708331378e+00 1.678912946782558979e+00 0.000000000000000000e+00 8.807756333596562515e-01
4.909170718139734824e+00 1.626255792689338397e+00 0.000000000000000000e+00 8.834517778985097047e-01
4.708115555989353496e+00 1.610733357066483240e+00 0.000000000000000000e+00 9.854650577356814933e-01
6.703710557008306203e+00 1.282504784842376733e+00 0.000000000000000000e+00 8.620597816283118719e-01
7.109052219647096216e+00 1.239007298567962767e+00 0.000000000000000000e+00 8.838313401373411038e-01
6.990448528482291479e+00 1.202305873853944718e+00 0.000000000000000000e+00 8.625734308627914793e-01
6.741398854590680223e+00 1.234950945965000324e+00 0.000000000000000000e+00 8.561705294390712373e-01
6.713956271238590290e+00 1.230269957225021971e+00 0.000000000000000000e+00 8.614666000214831199e-01
4.610954601438642442e+00 1.667371007690205076e+00 0.000000000000000000e+00 9.158795445941405600e-01
4.614956189959326771e+00 1.722091038448279487e+00 0.000000000000000000e+00 9.302131675244210696e-01
4.700875726923806397e+00 1.708614246451808150e+00 0.000000000000000000e+00 9.012309795290247560e-01
4.528741956953121317e+00 1.672711981092590339e+00 0.000000000000000000e+00 9.152696855241522211e-01
7.256174069495480161e+00 1.227348311225672228e+00 0.000000000000000000e+00 9.870455343149299177e-01
5.009241901276108244e+00 1.544191316063292518e+00 0.000000000000000000e+00 8.266900918426134393e-01
4.832459345628573821e+00 1.705425562923100991e+00 0.000000000000000000e+00 8.024894628660612650e-01
4.323202085168633246e+00 1.747979811733349376e+00 0.000000000000000000e+00 9.238547174058433509e-01
4.368362674384290933e+00 1.777199151012307299e+00 0.000000000000000000e+00 9.453603724130968944e-01
4.353895552927815160e+00 1.873223751823941852e+00 0.000000000000000000e+00 8.319771980204851980e-01
4.393365990842986513e+00 1.877719740928045944e+00 0.000000000000000000e+00 8.131609232307421831e-01
4.244423802960373138e+00 1.819579965713132852e+00 0.000000000000000000e+00 8.252354476776108116e-01
4.440403033893500329e+00 1.797608499042461672e+00 0.000000000000000000e+00 9.244599284107064552e-01
4.007107159514280426e+00 1.834943904729456010e+00 0.000000000000000000e+00 8.214111513608455262e-01
4.535142150522798232e+00 1.708388107264827704e+00 0.000000000000000000e+00 9.829529829928419504e-01
4.296710617217346595e+00 1.623914090415474298e+00 0.000000000000000000e+00 9.900988454859728227e-01
4.715408774869939812e+00 1.619828287351430474e+00 0.000000000000000000e+00 8.531723189503166438e-01
5.392765055863034895e+00 1.526448290425115539e+00 0.000000000000000000e+00 8.968040639742392850e-01
4.435969624775129461e+00 1.752136786711756544e+00 0.000000000000000000e+00 8.806990002959242947e-01
4.442480415282874517e+00 1.809476015153384187e+00 0.000000000000000000e+00 8.463005185953037524e-01
4.430989004539179099e+00 1.738707583194879724e+00 0.000000000000000000e+00 8.031994038207679321e-01
3.229779631876241730e+00 2.479083614536122582e+00 0.000000000000000000e+00 9.986199981734366071e-01
5.134439106067356207e+00 1.627274615841356464e+00 0.000000000000000000e+00 8.245136922788860456e-01
5.188128515525502138e+00 1.626129195986219411e+00 0.000000000000000000e+00 8.176189624237449882e-01
4.754339086170500828e+00 1.669287919950347421e+00 0.000000000000000000e+00 9.283472429246377722e-01
4.567092405585942316e+00 1.748479148318461407e+00 0.000000000000000000e+00 9.753916851045140168e-01
4.478676355887269978e+00 1.784998120370289154e+00 0.000000000000000000e+00 9.165276994223028328e-01
4.996820562465373428e+00 1.541013094138511175e+00 0.000000000000000000e+00 8.569572648359364830e-01
4.722472014843430266e+00 1.743163215132137012e+00 0.000000000000000000e+00 9.260786590109546523e-01
4.720104395914762385e+00 1.658220777290463799e+00 0.000000000000000000e+00 8.781796645891335462e-01
5.066980287614514467e+00 1.584334960611602394e+00 0.000000000000000000e+00 8.788469418037946346e-01
5.541412401301671231e+00 1.483429794846702565e+00 0.000000000000000000e+00 8.372669305081179569e-01
5.413260984832755973e+00 1.454813122741194453e+00 0.000000000000000000e+00 8.366544330798586504e-01
5.421466257885935391e+00 1.479922831577028308e+00 0.000000000000000000e+00 8.077564471091236431e-01
5.784806127151298050e+00 1.420478072431582861e+00 0.000000000000000000e+00 8.154073428597646833e-01
5.753268881565578141e+00 1.421103570581893516e+00 0.000000000000000000e+00 8.227518071848207715e-01
5.744949890486133803e+00 1.366905831710946595e+00 0.000000000000000000e+00 8.252002463816094924e-01
4.368262085588041188e+00 1.774369351791723837e+00 0.000000000000000000e+00 8.889428944343875649e-01
4.480433749567925616e+00 1.729666381064541625e+00 0.000000000000000000e+00 9.265154064449577787e-01
4.464623324516366232e+00 1.735032571423569481e+00 0.000000000000000000e+00 8.917723096806804417e-01
4.577528629424437945e+00 1.640247822980665404e+00 0.000000000000000000e+00 9.289377273352908970e-01
4.692384984688777294e+00 1.679328396451966965e+00 0.000000000000000000e+00 9.266731060165315226e-01
4.714439579406636938e+00 1.668662259893386679e+00 0.000000000000000000e+00 8.843716347868219030e-01
4.895265779416080321e+00 1.617558659332278825e+00 0.000000000000000000e+00 8.208091106513025759e-01
4.837252752614238815e+00 1.602023938615678933e+00 0.000000000000000000e+00 8.162935784030965758e-01
4.592131894715290485e+00 1.727603306239671621e+00 0.000000000000000000e+00 9.644744764624233468e-01
4.892335154781958018e+00 1.636084149319417813e+00 0.000000000000000000e+00 9.391719253842404358e-01
4.857594538551935237e+00 1.614531794928837805e+00 0.000000000000000000e+00 9.921970034131560867e-01
7.185566478756709508e+00 1.182635440498676083e+00 0.000000000000000000e+00 9.471048066463286785e-01
7.478686530668539056e+00 1.214581970796575927e+00 0.000000000000000000e+00 9.787419452787524676e-01
4.068011805101972911e+00 1.792092319126103339e+00 0.000000000000000000e+00 9.943263861280533522e-01
4.443317091526522766e+00 1.795875140152817018e+00 0.000000000000000000e+00 9.108590470057976729e-01
7.381008206492622570e+00 1.186610024309399547e+00 0.000000000000000000e+00 8.261225560962726089e-01
7.470285754735101591e+00 1.200962756446602997e+00 0.000000000000000000e+00 8.116047751845618663e-01
4.470525132895238229e+00 1.720820281329749291e+00 0.000000000000000000e+00 9.133830040023139807e-01
4.566961068984020322e+00 1.725716016846164047e+00 0.000000000000000000e+00 8.825013217329022996e-01
4.598019611857562694e+00 1.720201592085602860e+00 0.000000000000000000e+00 9.019992928545067512e-01
4.573129724637450266e+00 1.732922969645054323e+00 0.000000000000000000e+00 9.060533637026630949e-01
6.934846207889378888e+00 1.309675470078883741e+00 0.000000000000000000e+00 9.140182989210291487e-01
6.793978945693615046e+00 1.283072083023944154e+00 0.000000000000000000e+00 9.179452682768894922e-01
4.443748032250254276e+00 1.776523319811910362e+00 0.000000000000000000e+00 8.587015086046255741e-01
4.415251906643373303e+00 1.774452949515815225e+00 0.000000000000000000e+00 8.558781580314311910e-01
4.486430368877371677e+00 1.805704646019330006e+00 0.000000000000000000e+00 8.502685633021389577e-01
4.428723973306117223e+00 1.805128256781815876e+00 0.000000000000000000e+00 8.722139090520804050e-01
4.387050586721639611e+00 1.791573867094355288e+00 0.000000000000000000e+00 8.700941208624937140e-01
4.466264281760083499e+00 1.748761887671239634e+00 0.000000000000000000e+00 8.235278918700715822e-01
6.863749147401805750e+00 1.289893766776546657e+00 0.000000000000000000e+00 8.017330991122770811e-01
3.020022880267807519e+00 2.652093132179370816e+00 0.000000000000000000e+00 9.758020361064149162e-01
2.978523063838919072e+00 2.456254020057057286e+00 0.000000000000000000e+00 9.875618545578337404e-01
3.102816585642600433e+00 2.539369602707175932e+00 0.000000000000000000e+00 9.973582345764290258e-01
3.262288370070440369e+00 2.368944992131494676e+00 0.000000000000000000e+00 9.991469993330091004e-01
3.173216703754556001e+00 2.357567513246283220e+00 0.000000000000000000e+00 9.876136445662289098e-01
3.240100584507831449e+00 2.368857775253348841e+00 0.000000000000000000e+00 9.926147525464654731e-01
4.161214524849372154e+00 1.934894633911714568e+00 0.000000000000000000e+00 9.952949120835340446e-01
2.912626919495000966e+00 2.577903047421427729e+00 0.000000000000000000e+00 9.421252298592377450e-01
2.898009693518692753e+00 2.612153267287448344e+00 0.000000000000000000e+00 9.339718382456591028e-01
2.894825575763877445e+00 2.617161808638810427e+00 0.000000000000000000e+00 9.222737733579557950e-01
2.934707124576602322e+00 2.760255839798073207e+00 0.000000000000000000e+00 9.367076688878857027e-01
2.971780988899126896e+00 2.716650792654540236e+00 0.000000000000000000e+00 9.524105332411819669e-01
2.894585335416241190e+00 2.616334864622945844e+00 0.000000000000000000e+00 9.499643964124946383e-01
4.128105837801898659e+00 1.948615351427404274e+00 0.000000000000000000e+00 8.761094711950858649e-01
4.200458304782984875e+00 1.984338940159594111e+00 0.000000000000000000e+00 8.799011659514464068e-01
4.236495099118083196e+00 2.008567174443869341e+00 0.000000000000000000e+00 8.817829557959406817e-01
6.937350703429250309e+00 1.272840417005702163e+00 0.000000000000000000e+00 8.354517930189437891e-01
6.879042454121695904e+00 1.274762492901397426e+00 0.000000000000000000e+00 8.337885367126532943e-01
6.989526589148946201e+00 1.269173438137578991e+00 0.000000000000000000e+00 8.635515342079822521e-01
6.859118021662138354e+00 1.245493566854625422e+00 0.000000000000000000e+00 8.773097325617857933e-01
6.756531277169837146e+00 1.260489620726952698e+00 0.000000000000000000e+00 9.436708345772698570e-01
6.761078122559771586e+00 1.261337874244319979e+00 0.000000000000000000e+00 9.432228905732806812e-01
