1.000000000000000000e+00
1.034952497064172805e+00
1.071126671179366774e+00
1.108565223009120970e+00
1.147312345711791304e+00
1.187413777106972157e+00
1.228916853665261932e+00
1.271870566385109758e+00
1.316325618622693261e+00
1.362334485943098361e+00
1.409951478063446118e+00
1.459232802961084818e+00
1.510236633222526992e+00
1.563023174711443808e+00
1.617654737636779805e+00
1.674195810104874615e+00
1.732713134242415798e+00
1.793275784980077781e+00
1.855955251589846311e+00
1.920825522072276526e+00
1.987963170493296294e+00
2.057447447373647265e+00
2.129360373237664472e+00
2.203786835431819746e+00
2.280814688327313711e+00
2.360534857024996658e+00
2.443041444685040364e+00
2.528431843608046847e+00
2.616806850198718504e+00
2.708270783947797078e+00
2.802931610572717336e+00
2.900901069462337833e+00
3.002294805576176007e+00
3.107232505953858581e+00
3.215838040995913971e+00
3.328239610682679039e+00
3.444569895903929702e+00
3.564966215077849832e+00
3.689570686244233677e+00
3.818530394823244301e+00
3.951997567237758524e+00
4.090129750604254433e+00
4.233089998704335777e+00
4.381047064456429219e+00
4.534175599114845134e+00
4.692656358431351649e+00
4.856676416022595255e+00
5.026429384195263417e+00
5.202115642489620662e+00
5.383942574211226351e+00
5.572124811230020569e+00
5.766884487335742548e+00
5.968451500448770375e+00
6.177063783995863311e+00
6.392967587771186899e+00
6.616417768614113015e+00
6.847678091246939047e+00
7.087021539627647471e+00
7.334730639185214507e+00
7.591097790317835603e+00
7.856425613547767028e+00
8.131027306740188365e+00
8.415227014807737049e+00
8.709360212337148965e+00
9.013774099589689115e+00
9.328828012342716747e+00
9.654893846056296525e+00
9.992356494865481054e+00
1.034161430591643871e+01
1.070307954958278707e+01
1.107717890611719014e+01
1.146435396931257067e+01
1.186506176776761023e+01
1.227977530437173392e+01
1.270898411464649058e+01
1.315319484460229482e+01
1.361293184879274598e+01
1.408873780927246244e+01
1.458117437618896162e+01
1.509082283076489439e+01
1.561828477145316008e+01
1.616418282407479623e+01
1.672916137677801984e+01
1.731388734068593038e+01
1.791905093713067743e+01
1.854536651240349698e+01
1.919357338098229349e+01
1.986443669823206548e+01
2.055874836360846558e+01
2.127732795543056099e+01
2.202102369832619644e+01
2.279071346449202551e+01
2.358730580995008452e+01
2.441174104702411540e+01
2.526499235430157952e+01
2.614806692539164601e+01
2.706200715783519684e+01
2.800789188357006410e+01
2.898683764240420757e+01
3.000000000000000355e+01
