2.393280274102791871e+00 1.931090497116739746e+00
2.946168525289575513e+00 2.101092578181263271e+00
2.805872069922307865e+00 2.432358725293680912e+00
1.314989372944356250e+00 1.103700000970866846e+00
1.839281767750365670e+00 1.531590172284639673e+00
1.509525753157209049e+00 1.411039468429783561e+00
2.836247533037003166e+00 1.151166351919139741e+00
2.829836628111698893e+00 2.069559522672648200e+00
2.496966943756968149e+00 1.410859271949247873e+00
1.993896579823229098e+00 1.871341374267249558e+00
1.989234553440766717e+00 1.735448693358797145e+00
2.831216853628988339e+00 2.405589376236477506e+00
2.110121922981246900e+00 1.541247643269544776e+00
2.895052271969228652e+00 2.856192430020635165e+00
2.597675134571110434e+00 2.377963702951758851e+00
2.224791350840197079e+00 2.186969399563585714e+00
2.296199019146846876e+00 2.037944559870094263e+00
2.042178602667485965e+00 1.816853006922446445e+00
2.089991159808016086e+00 1.500883078243599345e+00
2.144779020042336448e+00 1.851997223588186747e+00
2.377341516655534726e+00 2.215454993040686382e+00
2.150614346866627891e+00 1.808934940939514124e+00
2.634959643619867453e+00 2.566451574661939627e+00
2.294137462854584086e+00 2.224692894091727435e+00
1.942039355135126044e+00 1.828989202916518453e+00
2.414670436402241549e+00 2.400000405116557989e+00
1.867404678039648269e+00 1.862601493989677337e+00
2.738351755905186202e+00 1.772177091364689261e+00
2.165659864028990356e+00 1.453465798851913293e+00
2.692664649734246574e+00 2.106794446130804133e+00
2.990289235588155847e+00 1.681889408942315756e+00
1.959107975230889309e+00 1.578260198365374345e+00
2.006154799574392467e+00 1.710501203043669260e+00
2.626796057357969172e+00 2.515316273829069971e+00
2.820595534543540062e+00 2.006738945969165577e+00
2.092225097378108245e+00 2.056758508548129694e+00
1.648547800001462837e+00 1.608500587221949552e+00
2.862017404457236847e+00 2.089575603980767138e+00
2.157962193847819510e+00 1.383871426581746888e+00
2.592299877689550947e+00 1.953071009353584797e+00
2.840093392560246066e+00 2.619013343109251934e+00
2.374960013975119466e+00 1.382090171968529235e+00
1.828491370850758191e+00 1.428378490323257033e+00
2.149399424252520507e+00 1.978392649548498694e+00
1.858189763135712269e+00 1.741672278744111679e+00
2.970927395762823053e+00 2.924879286397796374e+00
2.604109884376890616e+00 2.564171321232262990e+00
2.582518099848281068e+00 2.221753061295673071e+00
2.750934735817606835e+00 1.762809858961892573e+00
2.545540282288699441e+00 2.389830680637334837e+00
2.286153966353070555e+00 2.025334198862341228e+00
2.771899403466616896e+00 1.222430021806151679e+00
2.010584888706699047e+00 1.772230558342685391e+00
2.532559155337855028e+00 1.899438815084841137e+00
2.392575421317317819e+00 2.168703041304601342e+00
2.207916477303616620e+00 1.998503637714808212e+00
2.760981826545420681e+00 2.738763284579335266e+00
2.573699543173436854e+00 2.272125552566106599e+00
2.967986219101633960e+00 1.765454373525939147e+00
2.826406205682816974e+00 2.623666830674871164e+00
2.969909996564382482e+00 2.837372470629794918e+00
1.730268799555189307e+00 1.699207297091547275e+00
2.849744060035031890e+00 2.360630643770809112e+00
2.692210355287147472e+00 2.492154735450929692e+00
2.526208779161888796e+00 2.205214825900615683e+00
2.789554606188331398e+00 2.458777488756372254e+00
1.652391781226957956e+00 1.649261758083533147e+00
1.848374146519374817e+00 1.315203812426346763e+00
2.787519356526904524e+00 2.611981546350013783e+00
2.213758541915634037e+00 1.487062206518298124e+00
1.761440311604497211e+00 1.513289038134365549e+00
1.849094943604696617e+00 1.718085551425713176e+00
2.501369111186334315e+00 2.269815549724993886e+00
2.706410962661208952e+00 2.573026760709208549e+00
2.353756252344799904e+00 1.647111657258383932e+00
2.961699753808495483e+00 2.406448422177545510e+00
2.288486963500400151e+00 2.110495044717249247e+00
1.481503975412527652e+00 1.280344018534505190e+00
2.428809512923187253e+00 2.258783658176556575e+00
2.137628604472024740e+00 1.698465836518719740e+00
2.202192828135688618e+00 2.016799580232154554e+00
2.639147555605977136e+00 2.438881709471949044e+00
2.746941712398329294e+00 2.529092994645179449e+00
2.772778811025095269e+00 2.670931282477292612e+00
1.681816572841657642e+00 1.024724131773992131e+00
2.962707550407495116e+00 2.029442664508668503e+00
2.022259153986011526e+00 1.796884264933203967e+00
2.673532628451555038e+00 2.566345496443723562e+00
2.135176398339439174e+00 1.840784347789512054e+00
2.504679803076657940e+00 2.130379034145748918e+00
2.304538369557991739e+00 1.405653479990135013e+00
2.759634711362911386e+00 2.658031727693662472e+00
2.802624476614453020e+00 1.677749185171323543e+00
2.336693042362157691e+00 1.845736161108288975e+00
2.602423517850481094e+00 2.214427832756610925e+00
2.561347906704678490e+00 1.602444016165823770e+00
1.579547154837591005e+00 1.347778485813369009e+00
2.920761051454419999e+00 2.546144576807361393e+00
1.844019003716223848e+00 1.570705607309013097e+00
1.841692819727214436e+00 1.763670963098109334e+00
2.585050448691748493e+00 2.202332594032430091e+00
2.658023935029846463e+00 2.616996870250965834e+00
2.906039090792889468e+00 2.612184487353811591e+00
2.866448758727650148e+00 1.818327330321457991e+00
1.830104123229589597e+00 1.623033888736076236e+00
2.495236369042827640e+00 2.134707330776163037e+00
2.514028028812945514e+00 2.237959403764026689e+00
2.916637829626518741e+00 2.787868599221092758e+00
2.644803869622563752e+00 1.985926289215344642e+00
2.181979585266555333e+00 1.186579984412153843e+00
2.802799332589900327e+00 1.912266994495069872e+00
2.465875012257421783e+00 2.137313326296002902e+00
2.810375554468841131e+00 2.739626874542808288e+00
2.515803085606246103e+00 1.739515200191874333e+00
1.849954512684408359e+00 1.683158651632710168e+00
2.327586313830937392e+00 2.122447308726482795e+00
2.185448936232346817e+00 2.058199454015295693e+00
1.727739426484890428e+00 1.672067074735839709e+00
1.078539536643790653e+00 1.017639117633158286e+00
2.979441913457563373e+00 2.886196247184507069e+00
2.807158207358494195e+00 2.421283380769367000e+00
2.452213115440867064e+00 2.199919727546870263e+00
1.215104527598622308e+00 1.059399736801232450e+00
2.394646110070248746e+00 1.982788499448983277e+00
2.819658486128579611e+00 2.522825369858780142e+00
1.332324954233167436e+00 1.196498889097055596e+00
2.504960638413702867e+00 1.984459503272292480e+00
2.556591772909282412e+00 1.749452651276909743e+00
1.380194595220985976e+00 1.298953768045661539e+00
2.855629761286516022e+00 2.110814229476887682e+00
2.534969624739872529e+00 2.273054096861995443e+00
2.151372471620629945e+00 1.967082296731091917e+00
2.772187662674193032e+00 2.669879814509469984e+00
2.553873647065072028e+00 2.514504323426287158e+00
1.940794499977049448e+00 1.649004730268070817e+00
2.810229885640723069e+00 2.731963772511050603e+00
1.080210303496472068e+00 1.022894105010979882e+00
2.862707918555781106e+00 2.317275494364078536e+00
1.425342463502890622e+00 1.335418498585972280e+00
2.805939408452395867e+00 2.210886908466386469e+00
2.621757742904985200e+00 2.251406596706806429e+00
2.262193583028645261e+00 1.533658921577892187e+00
2.249432524916692877e+00 1.644559948477473998e+00
2.483257527479849180e+00 1.685436608808174030e+00
2.796595396198482852e+00 2.350815990131883026e+00
1.818835690166336061e+00 1.534625363769867690e+00
2.642711876600546628e+00 2.360365168419071846e+00
1.789485667155593651e+00 1.335597930809204748e+00
1.460144993350691145e+00 1.163293417314667177e+00
2.649942530525074336e+00 1.821137313879163333e+00
1.928533369513319995e+00 1.465714686619921769e+00
2.909936406315400070e+00 2.679994020228238849e+00
1.207691070484233853e+00 1.097782115834379013e+00
2.508737821982840899e+00 2.469941821825793138e+00
1.269454686237685204e+00 1.133654175474278158e+00
1.153987845549644620e+00 1.042290934580464512e+00
2.184349044544299012e+00 2.041496028315687550e+00
2.137517400101728526e+00 1.063284628372732632e+00
1.419855446942849486e+00 1.410656297826541561e+00
2.870991488555675986e+00 2.276014364389183697e+00
1.654211422501208117e+00 1.084070637595387243e+00
2.411489804967552608e+00 2.392043216160169461e+00
2.539932932692323675e+00 2.366224129120545250e+00
2.412888128210628036e+00 1.506386248508809089e+00
2.522455432184572466e+00 2.103059921046618541e+00
1.656659856939978193e+00 1.653693624314981125e+00
1.422333728990221591e+00 1.364020293626291958e+00
2.650406116579483218e+00 2.579109277719862980e+00
2.164133245426244301e+00 1.840351588389681714e+00
2.397968846612505089e+00 1.601335453118396313e+00
2.772375329286361989e+00 2.300430689196156120e+00
2.319185145307590901e+00 2.075202172435512082e+00
2.088349995846384033e+00 1.408168093014144473e+00
2.246593967847307471e+00 1.333909304660230388e+00
1.868161409133195505e+00 1.811190853335489903e+00
2.617541237529552589e+00 2.204260940727989393e+00
2.826607845677614250e+00 2.504832504561454343e+00
1.526353114317244852e+00 1.211176880548602064e+00
2.229066007981086450e+00 2.191502317834371549e+00
2.620902725161800895e+00 2.482030775185116944e+00
2.501469865163830519e+00 2.409899163657433618e+00
1.312095227349827864e+00 1.160145735868606476e+00
1.503475704900584908e+00 1.401003391836046497e+00
2.158207364002286965e+00 2.095987578951520547e+00
2.548012984146740045e+00 1.988337553687508752e+00
2.592617850113965616e+00 2.370420628912609295e+00
2.775537337617475675e+00 2.191128649368448311e+00
1.488087314087299884e+00 1.368474293242354145e+00
2.578244925515430275e+00 1.703671490067341754e+00
2.154498700884662110e+00 1.786824826389375565e+00
2.324640451600254565e+00 1.684239637309867588e+00
2.568489525233307980e+00 1.683939160293443926e+00
2.851916606607195703e+00 2.713422302457119351e+00
2.599981988703590652e+00 2.009152123378063592e+00
2.963207644933398832e+00 2.549337969560168560e+00
2.932609610942714884e+00 2.767836697037438842e+00
2.796392458607535048e+00 2.079387955213610972e+00
2.582654167016922298e+00 2.222029043811809323e+00
2.745581098950474974e+00 2.624653063754041504e+00
2.811114934550793976e+00 2.073933060041997400e+00
2.813531135499164115e+00 2.209808068882798349e+00
2.997088346686851867e+00 2.895264264137094035e+00
2.543943283626415308e+00 2.118873601395685480e+00
2.836012528701934876e+00 2.492122487548854348e+00
2.814994117453042399e+00 2.138423263328712132e+00
2.056316974656891894e+00 1.963226600872876260e+00
2.687001090849111318e+00 2.240551604561593635e+00
2.978936455084305379e+00 2.061535132703107731e+00
2.430859875741687937e+00 1.370361765951317867e+00
2.407443207752494541e+00 1.973707844532887279e+00
2.169726109341057363e+00 1.999912051865815332e+00
2.414275673376640619e+00 2.113958221879520760e+00
2.194540761532699946e+00 1.820371224887407102e+00
2.706651422875399948e+00 1.946734183870587387e+00
2.678666628743138656e+00 2.665928337681505500e+00
2.840414496835979463e+00 2.754300951377846918e+00
2.647640069348139669e+00 2.408211712990691478e+00
2.994187695087554335e+00 2.279775954023163465e+00
2.559263355847903654e+00 1.860649110727241595e+00
1.139894017387684366e+00 1.002589152934282302e+00
2.833963193881941844e+00 2.700775762550884362e+00
1.487447486117576601e+00 1.387537089071480656e+00
2.719021590903188734e+00 2.487749570450370040e+00
2.990272037724082566e+00 2.781851200658612022e+00
2.655515812295251799e+00 1.912360512179607230e+00
2.640990676909391155e+00 2.363322741699017016e+00
2.986106111361977788e+00 2.253742144131777092e+00
2.278068877150275284e+00 1.866318918238105695e+00
2.874480937038456752e+00 2.531369012840981370e+00
2.132226382994398151e+00 1.300185625589910243e+00
1.393532993825554511e+00 1.297850327120643632e+00
2.366987714900349982e+00 1.845840871948085216e+00
1.541610060555431927e+00 1.217187864300855793e+00
2.005031819102175206e+00 1.943214101477253708e+00
2.619137536590466553e+00 1.521272447204703671e+00
2.560954346790999203e+00 2.342780269730933451e+00
2.910645046016640869e+00 2.784456417344735701e+00
1.295033912732408865e+00 1.015688956920073549e+00
2.221922834317713313e+00 1.595620868277117355e+00
2.452265853196689882e+00 1.038878819870197479e+00
2.497709872342533721e+00 2.126155592495639457e+00
2.721617853308808233e+00 2.230977931069420439e+00
1.557658330408421499e+00 1.412704494103201869e+00
2.776329311037241787e+00 2.174584402864161436e+00
2.795687184964648075e+00 2.623330921095455626e+00
2.660377116585750379e+00 2.631811630449552464e+00
2.065002450731785899e+00 1.277323322577244902e+00
2.804771602405217834e+00 2.623760118868005087e+00
2.448618835064697130e+00 2.108884079752709528e+00
2.760131329134488887e+00 2.223153504733600183e+00
2.476065834361319773e+00 1.759359533315518087e+00
2.948303698121998107e+00 2.064288528509461429e+00
2.102645812684791338e+00 1.660447959370799031e+00
2.365164105349336410e+00 2.337279326367821319e+00
2.163772638296155737e+00 2.105931712519300447e+00
2.042833040167616687e+00 1.533798057509646151e+00
1.753427905561675493e+00 1.458047704341101536e+00
1.093625250050879183e+00 1.016048509541826794e+00
2.100759897063589232e+00 2.041604928831328714e+00
2.023465890611366724e+00 1.793128446342893367e+00
2.105487609746674593e+00 1.500698772043431051e+00
2.652795659769616066e+00 2.321549654864775381e+00
2.605785849286712086e+00 2.602192222123752785e+00
2.588917975475749422e+00 1.937724065588787736e+00
1.924232111564939229e+00 1.495383174699959294e+00
2.264352049891854790e+00 2.232859344154616732e+00
2.951540664259647784e+00 2.923315435062725065e+00
1.764529907694745381e+00 1.513508311637170589e+00
2.843627415192212737e+00 2.444538612046371906e+00
1.714357541754642611e+00 1.544656583366690095e+00
1.163499582396387177e+00 1.050842223675533260e+00
1.849901294609069602e+00 1.172714105260885820e+00
2.906230037683880330e+00 2.662769356829458367e+00
2.875583980293662911e+00 2.381834438932101783e+00
1.222622563775992655e+00 1.104975199930489094e+00
1.936675115200210850e+00 1.384725563421036698e+00
1.619662715514948115e+00 1.311080591274018659e+00
1.122954229671272453e+00 1.004893587148924405e+00
2.291842990203979191e+00 1.899964791004670417e+00
2.926028396769347673e+00 2.255531067292864122e+00
1.492169258321255354e+00 1.447140323201802747e+00
2.308410692719296442e+00 1.525286511598062500e+00
1.801399954838466488e+00 1.799730898648721045e+00
1.274056069815502346e+00 1.111463698379590914e+00
1.969707786266844840e+00 1.465149622453852718e+00
2.865881531620308564e+00 2.763757204210291363e+00
2.619242087253623286e+00 2.450785011919339063e+00
2.961551305747976315e+00 2.317254439592006054e+00
2.859660780653431544e+00 2.438854653005974704e+00
2.435259758922571738e+00 2.107857640696447987e+00
2.879850349462964587e+00 2.278469652602904461e+00
1.794625388680990197e+00 1.777428730239799304e+00
2.437873898036862386e+00 2.035559579531066809e+00
2.804792541278598783e+00 1.914399960682062307e+00
2.927337649068618486e+00 2.813804594421003280e+00
2.588768290774317471e+00 1.508909707493669039e+00
1.570221257493201517e+00 1.549467478636333828e+00
1.538518900262043854e+00 1.497398008770761013e+00
1.399977018890454339e+00 1.250634765441866136e+00
2.383853415827947408e+00 1.752842641373973276e+00
2.965672464657505891e+00 2.813683012649823567e+00
1.584289158206013015e+00 1.388459761267182291e+00
2.608595184536175893e+00 2.545431778390558009e+00
2.594628372991348630e+00 2.375840403354034347e+00
2.946538244164311315e+00 2.367420580365326543e+00
2.848656450394572381e+00 2.454384142795738022e+00
1.449620162863600736e+00 1.158195397877084476e+00
2.424995968665489166e+00 2.139632752415762784e+00
2.694362061354684812e+00 2.564582297860311666e+00
2.479770204305871584e+00 1.570372837978044167e+00
1.119656795762528523e+00 1.116145636604157554e+00
1.917112219333936496e+00 1.418351794055262793e+00
2.372395248024911751e+00 2.145956784020310426e+00
2.264978241168438267e+00 2.065065036073153060e+00
2.755454044339756159e+00 2.704765346397537851e+00
2.739438333168773276e+00 2.675428915484539871e+00
2.797322095841304979e+00 2.121101964436210796e+00
1.076311435257146787e+00 1.039134697320254874e+00
2.165155400291224552e+00 1.889681639823741044e+00
2.702150743872746119e+00 2.497186156477925412e+00
2.419004818136289536e+00 1.632427980588103456e+00
1.416706935257202815e+00 1.272948826885279106e+00
2.761745594661904946e+00 2.122678742600225377e+00
1.869803562199100488e+00 1.161368920433957896e+00
2.662884725203374270e+00 1.772721088530222922e+00
2.942835403049349097e+00 2.444227167372429843e+00
2.964540077938449869e+00 2.672594918368477845e+00
2.879366138184069168e+00 2.199262788527257317e+00
2.320348465383898162e+00 1.918330573186156407e+00
2.508227898781338450e+00 1.864331432812905920e+00
2.817853842476792714e+00 2.809051065952010262e+00
2.282498182443758239e+00 1.560900641172486614e+00
1.536164644720915851e+00 1.471106620504733176e+00
1.886989482109700189e+00 1.599763158428129772e+00
2.724325778722954450e+00 1.758130678179260054e+00
1.431160822856180959e+00 1.427468819364742236e+00
2.415098888300242663e+00 2.393959557686989204e+00
2.626812589893142480e+00 2.445894417333855930e+00
2.242205213519138596e+00 2.218524819775082868e+00
2.105534696988468735e+00 1.669062892392581432e+00
2.714167188307025746e+00 2.088967298764398350e+00
2.644275533495095587e+00 2.296011403502883574e+00
1.369855867294355267e+00 1.321986010180774107e+00
1.790245199210440674e+00 1.252568975171843180e+00
1.437626361596159974e+00 1.215796462671977052e+00
2.927872503293339701e+00 2.210304376980275709e+00
2.828482049221861416e+00 2.351882655409209377e+00
1.750291542434019521e+00 1.314875204794256902e+00
2.670596779967314927e+00 2.589239471955023131e+00
2.557615717316879866e+00 1.999219046152034496e+00
2.671633661114010572e+00 2.203581895619854070e+00
2.910583162119547485e+00 2.262627632814096401e+00
2.161268071381433398e+00 1.813135212930842233e+00
1.901951609340569949e+00 1.302359966909681477e+00
2.738832833884473850e+00 1.933394130350537754e+00
2.718528754795360491e+00 2.714069888356347882e+00
2.909396482973737985e+00 2.712367653619817798e+00
2.109672933977274845e+00 1.953276680529341336e+00
2.235942201075048708e+00 1.525222167675402751e+00
1.867671571623219950e+00 1.618195501505501843e+00
2.127752038858094608e+00 2.108852766646022836e+00
2.923151825254392211e+00 2.178352635858428421e+00
2.425665176095074038e+00 2.356501362727530413e+00
1.413096534492052081e+00 1.254642565437262824e+00
2.526344613754728741e+00 1.922321377352303573e+00
2.318114457294954356e+00 2.296356250179276248e+00
1.822561394844995686e+00 1.644755234450749226e+00
2.865231802977203479e+00 2.691294834731064789e+00
2.051400570368811405e+00 1.851561145586745338e+00
2.080483492150455138e+00 1.973395977606363871e+00
1.755087888439288202e+00 1.630387045747906605e+00
2.531989572646741848e+00 2.131586120903560033e+00
1.174785924077182964e+00 1.116243140360050123e+00
1.967440591797182448e+00 1.754441139545186434e+00
2.244878638348593469e+00 2.196329100052040406e+00
2.497726102553126104e+00 1.908480891352722475e+00
2.971029613923128920e+00 2.037261274478067374e+00
2.826195039852527735e+00 2.723603600591532281e+00
2.997992060905125378e+00 2.742023074174350317e+00
1.609093716330537882e+00 1.435983869960534509e+00
2.614071525152973585e+00 2.003765058319689096e+00
1.249286407818322564e+00 1.197592053828576919e+00
2.570235194933242262e+00 2.413402138354817428e+00
2.947856294845502489e+00 2.435839281418759494e+00
2.877687251943894964e+00 2.495741356776707942e+00
1.010263383339792043e+00 1.008879047566602516e+00
1.519673375952041994e+00 1.462186528566603583e+00
1.895046437296497688e+00 1.642248475222451320e+00
2.076709861511369049e+00 1.991928537416811196e+00
1.261519326597387414e+00 1.057469215817059549e+00
1.656623558373709892e+00 1.361630732476964756e+00
2.859977764242695120e+00 2.533649025099711238e+00
2.885959377525230352e+00 1.393640033782636900e+00
1.749699453996065079e+00 1.642852264867887158e+00
2.036527838202876417e+00 1.799105879047842915e+00
2.930138263397700005e+00 2.749383151722019303e+00
2.311572355727889772e+00 1.944234169444699178e+00
2.714456623792203871e+00 2.138581530079458393e+00
2.812789202146832146e+00 2.253407326736596605e+00
2.771024527935089132e+00 2.416071135763103506e+00
2.156146935518548524e+00 2.105218232600399197e+00
2.202281439651816441e+00 2.126412709445705929e+00
1.972100928502915629e+00 1.950390271670987108e+00
2.781315014369193150e+00 2.225973619791020486e+00
2.531417696355253710e+00 1.951971734262321734e+00
2.688339945833073230e+00 2.218266982708917645e+00
2.761205412955639371e+00 1.731421972134850051e+00
2.329406471449812166e+00 2.136986908346411695e+00
2.059965007214119570e+00 1.156651004819053918e+00
2.301677842157095810e+00 2.134910818324409654e+00
2.994158769588994851e+00 2.301286037925277750e+00
2.564451355062313809e+00 2.395576531832671385e+00
1.299798474237244594e+00 1.196104012432982033e+00
2.940011531753336627e+00 2.454692378192017355e+00
1.067150901461852319e+00 1.012075892415764011e+00
2.624067370457003445e+00 1.686735463248547617e+00
2.668849219885870205e+00 2.473936831768424494e+00
2.786443892072367312e+00 2.021703299244283158e+00
2.857378585079505484e+00 2.752851524677480732e+00
1.484859495470796320e+00 1.414111213802783151e+00
2.446907630393345912e+00 2.241169991876633460e+00
2.342551283792081662e+00 1.918716369152436263e+00
2.695044167608622310e+00 2.573743670299724506e+00
2.704299936758877365e+00 2.020405956072417464e+00
2.341244810044353919e+00 2.073820178153141125e+00
2.788150045514811382e+00 2.712374856725982664e+00
1.945824139659758201e+00 1.726044857190282444e+00
2.377337782742157568e+00 1.635784558280362511e+00
2.760462246793242702e+00 2.427214726292195035e+00
2.786389488917990764e+00 2.540743168883117242e+00
2.617646606794639563e+00 2.510588176225291956e+00
2.864766834936144591e+00 2.682203446143367032e+00
2.669882162414757953e+00 2.150734456514437287e+00
2.105071146096109569e+00 1.669612817468379307e+00
1.799461108579319957e+00 1.177854355342762949e+00
2.050567518390778332e+00 1.775952694148674516e+00
1.981437480721222943e+00 1.915271686128104278e+00
2.323487487340131885e+00 2.112236828635231767e+00
2.118006536827031105e+00 1.889510642724141709e+00
2.634635826630153055e+00 2.316136231620282260e+00
2.076095438683591698e+00 2.054678490284207903e+00
2.479081873342630082e+00 2.250179663409356934e+00
2.954032704920392050e+00 2.917333831475328765e+00
2.929273528738776999e+00 2.024767252592641675e+00
2.727536280938298141e+00 2.028065007168975420e+00
2.921660124755395493e+00 2.143569442108502976e+00
2.013037140418901583e+00 1.882793630146151420e+00
2.519899689680134891e+00 1.370078428878618970e+00
2.416939222875226889e+00 1.480269025670497784e+00
1.518690319792456833e+00 1.051055160607975214e+00
2.634923563811359948e+00 1.972986053679473661e+00
1.841493220015107291e+00 1.828707468922533330e+00
2.464931216199919728e+00 1.768125169335145630e+00
2.671376363929881315e+00 1.727876767388129897e+00
2.387825095608309134e+00 2.311240645020530948e+00
2.164154461560602538e+00 2.158750697140730423e+00
2.765627524737032772e+00 2.574699930695405925e+00
2.626497077736105190e+00 2.313118715300921835e+00
1.054970566522653197e+00 1.039088794651546355e+00
2.684276235112583286e+00 1.355747463532587682e+00
2.472486249442159334e+00 2.376077613938217592e+00
2.000276408150850393e+00 1.701109925267782597e+00
2.929350906902227436e+00 2.411524557391708345e+00
2.241926728097172195e+00 1.895290172330741374e+00
1.120110781723708149e+00 1.045810549058736827e+00
2.441318870671511654e+00 2.335941218391823782e+00
2.459655083248420304e+00 1.392383209809805900e+00
2.040938434845923855e+00 2.017253475551846975e+00
2.486827077324845092e+00 2.403599797125829607e+00
1.473144092085513002e+00 1.426282986876934888e+00
1.603977176141520244e+00 1.539956103229426887e+00
2.357411617282996641e+00 1.775939055928830612e+00
1.432343632157595748e+00 1.166920430875864279e+00
2.580609465292169613e+00 2.449042598496850687e+00
2.140686916380361460e+00 2.118317809420401598e+00
2.131100057098180400e+00 2.099887172654414602e+00
2.746792106670944200e+00 1.647142648737560888e+00
2.767228736367053354e+00 1.701886640651411264e+00
2.876976038085330423e+00 2.644800003871412120e+00
2.464069912473357604e+00 1.803946247552800752e+00
2.709741252940720546e+00 2.701226965021254589e+00
2.989763402120754865e+00 2.596699135947375225e+00
2.422894763443939503e+00 2.213630609062131605e+00
1.973527288030100246e+00 1.948448912336622652e+00
2.359190255513056833e+00 1.613635527337220488e+00
1.444478091322827673e+00 1.309947809414442554e+00
2.819242865889086680e+00 1.823163587731772894e+00
2.550742512361451553e+00 2.273295105265255689e+00
2.148023096311819202e+00 2.032632197038583666e+00
2.433032194420951200e+00 2.396594928447508099e+00
2.394656773692188878e+00 2.172856821159802720e+00
2.670530277276474962e+00 2.194083782116136749e+00
2.630121887314525786e+00 2.118337134498790686e+00
2.745249427985346102e+00 2.704445161715042012e+00
2.604790673886511421e+00 1.893771278779830425e+00
1.273821941723296547e+00 1.025355578957486857e+00
2.429837398605736887e+00 1.861882356085286849e+00
2.527993928045231264e+00 1.453830375952879672e+00
2.833639732886269691e+00 2.558211066673813150e+00
2.789467491708092162e+00 2.000974779561129679e+00
2.500728906033997667e+00 1.997732661298494250e+00
1.185555844962210337e+00 1.060473804024555822e+00
1.406064559052877083e+00 1.093898712173114074e+00
1.115218402269377851e+00 1.036948783344424641e+00
2.356155863846080223e+00 1.468178615985841429e+00
1.857560180522580984e+00 1.601614323125665429e+00
2.258843391100274101e+00 2.214270333721427786e+00
2.167552173999919063e+00 1.527848338413730023e+00
2.959053397843189881e+00 2.442575883526109770e+00
2.260295559089635198e+00 1.677382034957083601e+00
2.928792236432186336e+00 2.411117925511389704e+00
2.002565052508571863e+00 1.961544108127889485e+00
2.826581009205288098e+00 2.477116046188618359e+00
1.961453271447342717e+00 1.723780312474674448e+00
2.638929405394675687e+00 2.338675057632579435e+00
2.777682795042458963e+00 1.292051508045895858e+00
2.793236640019354233e+00 2.784821138151063025e+00
2.831445663986203343e+00 2.246277312796113979e+00
2.817593056329033008e+00 2.389559886787423260e+00
2.929462238942348584e+00 2.770120281354043978e+00
2.409279411000226467e+00 1.633975932465361325e+00
2.168733986930663882e+00 1.729588481073593753e+00
2.179841230488916537e+00 1.692812907095915698e+00
2.964471339677460904e+00 2.649046755604518744e+00
1.553223839569518372e+00 1.536391360133422923e+00
2.715261828007052181e+00 2.673909253189471258e+00
2.730184400720450988e+00 2.704209178550792014e+00
2.737951049024403005e+00 2.695360732031839568e+00
1.604767431997984328e+00 1.470458913927272571e+00
2.635394984276961061e+00 2.632722513855940250e+00
2.319379945369072438e+00 2.227483944616067468e+00
1.379734774668737396e+00 1.223823227334706276e+00
2.609181998737578390e+00 2.298532225466443535e+00
2.289357752512398925e+00 1.658969049053760747e+00
1.801151004487922869e+00 1.003970465456927919e+00
1.229176847427726926e+00 1.049927082659046551e+00
2.910120134418706872e+00 2.786941214763227759e+00
1.435214268484071853e+00 1.178053366326038853e+00
1.669191993297736820e+00 1.580918007155474703e+00
2.670949260953371596e+00 1.858281200722617932e+00
2.347551920864113129e+00 2.275438116815255984e+00
2.982447055808578718e+00 1.829899415470611412e+00
2.137855171017895017e+00 2.007148646412442172e+00
2.832814135624431628e+00 2.689696469650454169e+00
1.791775209495877430e+00 1.151093816068988529e+00
2.972814414694711083e+00 1.998714745296484852e+00
2.744554136099314867e+00 2.238111682070241581e+00
2.164566488737628358e+00 2.100011591061428984e+00
1.710335649897034127e+00 1.706649099154290417e+00
2.990634262205949412e+00 2.816182808343240751e+00
2.113935576865407562e+00 2.093946740880449298e+00
1.646196031808859317e+00 1.573862520945217280e+00
1.576913230705697888e+00 1.449484065044347236e+00
2.896974237275434128e+00 2.612055620864611072e+00
2.837197423590120948e+00 1.474434457668845067e+00
2.264470683574919541e+00 2.197273385374138410e+00
2.024110222635353118e+00 1.364396973084600173e+00
2.452348184703000200e+00 1.386567913273675900e+00
2.442916145614383083e+00 2.073434751403582244e+00
2.970638182924818516e+00 2.917367139543380006e+00
2.992732260465210015e+00 2.420367805667123839e+00
2.841040562578456274e+00 2.472871539983293232e+00
2.934461798611866179e+00 2.880953850850660469e+00
2.555740302226162886e+00 2.508220502397574325e+00
2.277627042134181323e+00 2.049090001998286947e+00
2.660933545369013054e+00 1.817566912320177419e+00
2.810741475741653339e+00 2.732597099591685730e+00
1.452194495468465574e+00 1.412627528877805405e+00
2.457292155956527058e+00 1.465790280897200093e+00
1.503151720270476055e+00 1.192089162847861816e+00
1.987804223489192612e+00 1.794722488570192898e+00
2.614270078540626763e+00 2.224435774404785349e+00
2.549517523352889725e+00 1.895558044883507431e+00
2.379340384167814904e+00 2.232853577780171683e+00
2.851860826936453819e+00 2.641176382982534321e+00
2.970573856700001514e+00 2.788132325447390425e+00
2.979104553633219687e+00 2.784527184083102291e+00
2.239117684291553001e+00 1.994941804769561955e+00
1.625194431285652108e+00 1.316228047931930600e+00
2.541488850997613902e+00 2.154667430786087579e+00
2.798791402798021632e+00 2.502488600390242013e+00
1.819823999976073026e+00 1.386729857495682561e+00
2.940399329825972963e+00 2.832208522639583226e+00
2.934262686933229780e+00 1.586843753449293848e+00
2.967479642489050384e+00 2.609904472473443704e+00
2.058441349319639180e+00 2.046534974572736143e+00
2.520740558249773500e+00 2.132695245852814114e+00
2.964763195077915192e+00 2.730908928808065905e+00
1.892470570502322813e+00 1.815872203313473987e+00
2.727941821614508378e+00 2.304167275116465241e+00
2.445041884924075593e+00 2.137814335494506501e+00
1.864919269940184199e+00 1.619683022748165779e+00
2.448320937033590106e+00 1.646063394115072631e+00
2.491634150435519057e+00 2.336467351862380859e+00
2.280940549645206872e+00 1.734528285129955716e+00
2.888764361360881772e+00 2.708912217718044246e+00
1.329238261895519191e+00 1.086003261694143074e+00
2.079753945766650070e+00 1.720340804344761665e+00
2.339220722085346260e+00 2.309602842330812589e+00
2.846043661769411592e+00 2.241810042203915998e+00
2.800151041381969907e+00 2.625430725779061447e+00
2.971238716282738057e+00 1.856069792693570086e+00
2.966262875902905272e+00 2.834920366690374394e+00
2.618229907038919890e+00 2.111412326667738260e+00
2.401322029057092244e+00 2.399856331679619981e+00
2.910989751681533733e+00 2.591415787028736428e+00
2.978570236934430238e+00 2.254085745567447230e+00
2.520928988211649902e+00 2.253483342886732022e+00
2.674762843982924743e+00 2.482689132762161410e+00
2.605734164400311137e+00 2.290603174415742238e+00
2.713577954522542246e+00 2.378303602802883443e+00
2.932357549118859374e+00 1.919864405311025202e+00
2.095585137074809090e+00 1.881064663794580483e+00
2.418499511129924784e+00 2.240935422548882006e+00
2.962286743251971721e+00 2.946839830736531329e+00
2.437998686637489421e+00 2.407558947191181797e+00
2.570397234311855073e+00 2.328512250491230784e+00
2.408595658416717633e+00 1.953770871122434416e+00
1.592722883198537387e+00 1.530359027009434936e+00
2.950010986580995809e+00 2.706204899747590265e+00
2.959425237693660726e+00 2.938254102592527062e+00
2.901964138164733420e+00 1.857769324021876445e+00
1.601119245742743447e+00 1.577670238663153146e+00
2.136807120126188231e+00 1.463311008043441941e+00
2.498552825032716029e+00 2.391368675683090306e+00
1.769920337666219368e+00 1.026717605522671217e+00
1.794515528040050212e+00 1.745197668032337113e+00
2.985862718168265761e+00 2.080338634757899374e+00
2.942601310845732066e+00 2.367345343421578985e+00
1.300845678329361155e+00 1.235482751446414618e+00
2.458879390854245450e+00 2.149355373395205770e+00
1.500731936523717724e+00 1.489289459647348934e+00
2.606165420258623300e+00 2.501848837919860014e+00
2.972491089182800472e+00 2.709013142599549617e+00
2.950475323427562024e+00 2.515816507426237525e+00
1.685050757330760929e+00 1.629466390180319246e+00
1.504278615378002781e+00 1.291119252311530019e+00
2.878199581935984241e+00 2.209038254402915680e+00
2.728799529109728894e+00 2.632661458633246632e+00
2.570661845109669219e+00 2.383002046651808925e+00
2.256296097099899534e+00 2.220337326953998769e+00
2.894853959734710713e+00 2.876521418013572973e+00
1.803841579305937470e+00 1.681137293557085854e+00
2.171815551504285402e+00 1.992495507367774588e+00
2.182611799257111240e+00 2.007465712301178762e+00
2.692004586661760346e+00 2.163550556558193172e+00
2.433323895731431818e+00 2.408250526320850238e+00
2.549096364889788635e+00 2.344013479341131578e+00
1.837505074373593450e+00 1.042791163214465744e+00
1.561621064437268336e+00 1.304696994496691298e+00
2.784399248470846189e+00 1.940462964862586626e+00
2.010933212903939449e+00 1.846695171818171222e+00
1.554197123776018374e+00 1.433631933881220233e+00
2.168420778782162550e+00 1.719428794048033282e+00
2.501199341522168940e+00 2.376159625838409006e+00
1.570355881868829906e+00 1.205082883446272346e+00
2.631678928262473072e+00 2.454478024689374482e+00
1.806045368641001181e+00 1.188837457002395626e+00
2.379442016829011131e+00 1.600649470763936932e+00
1.660939497686888755e+00 1.276309252268351901e+00
2.415567602931718572e+00 2.081678612497392944e+00
1.493096393277348666e+00 1.006315632124377579e+00
2.903860010860058516e+00 1.826464091498648523e+00
1.998737119982635146e+00 1.169834222746119368e+00
2.873008313913844258e+00 2.578672935334962890e+00
2.739895540746678293e+00 2.606163355759434364e+00
2.145058933086220421e+00 2.052314994321618791e+00
1.672639060832905811e+00 1.445280493164881497e+00
1.715698916119744011e+00 1.712994690418692345e+00
2.955278324063851159e+00 2.016895018866978528e+00
2.434712549905393431e+00 2.430255958855223941e+00
2.850986740403579134e+00 2.393578048377056788e+00
2.063585887659669993e+00 1.565101275750877097e+00
2.312737292822997670e+00 2.300595738056973261e+00
2.850656799949955023e+00 2.334586345339284552e+00
2.873608007005628906e+00 2.772823403560210398e+00
2.786526852134765253e+00 2.082320624138431331e+00
2.915005327710337379e+00 2.845001422234955335e+00
2.199509434551748299e+00 1.966694828239049730e+00
2.136642490660367155e+00 2.017697738749980374e+00
2.958738013321647209e+00 2.816880099738267251e+00
2.101944975404697047e+00 1.843941057355691582e+00
1.838225255203277175e+00 1.685374910316181696e+00
2.813078958348131486e+00 1.845851735063320342e+00
2.779001658406336617e+00 2.535166881653920790e+00
2.702112725802336080e+00 1.894022158560587199e+00
2.344017812635845299e+00 1.705750357581708787e+00
2.689734509235266025e+00 2.075809923878194407e+00
2.034258893608401841e+00 1.473556912805869867e+00
1.960642456712036630e+00 1.698050804642093681e+00
2.750135758683255105e+00 2.638747168668611476e+00
1.752274328962608152e+00 1.077018345804414690e+00
2.985089146828438622e+00 2.681784479820338518e+00
2.955135937899195042e+00 1.706551334861160507e+00
2.646011418505638257e+00 2.595359547437783743e+00
2.196928332255285721e+00 1.777893486985019811e+00
1.776132867548295025e+00 1.573441572872115168e+00
2.337095659602189457e+00 1.769450658544580390e+00
2.615991187262111772e+00 1.952937598877906522e+00
2.975874002494060200e+00 2.752135973203352126e+00
2.797604459929812215e+00 1.977805041763805338e+00
2.731878262492899445e+00 2.548889279543772535e+00
2.784805675721375717e+00 1.479071562066863743e+00
2.567055653480861288e+00 2.417301161123565745e+00
1.885876428175998987e+00 1.251524511127333206e+00
2.921669238234504640e+00 2.726953523047803252e+00
2.045841809197598948e+00 1.696697647926679320e+00
2.491040083506019354e+00 1.960463358587830607e+00
2.600247634402976793e+00 1.841714706654620448e+00
2.390858126930492933e+00 2.238056256449241666e+00
1.871442102785422446e+00 1.506819744827254226e+00
2.372238515922932223e+00 1.752722270914128133e+00
2.564099257362424389e+00 2.015508153516464063e+00
2.914655978326015084e+00 2.856287511690240866e+00
2.970094256138334998e+00 2.887569735264996496e+00
1.881634409072595604e+00 1.476385199646045088e+00
2.810950282673188916e+00 2.653056755729659599e+00
2.267149103178876413e+00 2.203179469177848127e+00
2.679930189336758417e+00 2.359895422454793223e+00
2.992582154048852416e+00 2.785246232247137854e+00
1.761066752646063938e+00 1.740573273312425062e+00
2.727758751740697818e+00 2.181799040884368601e+00
1.468946546470497383e+00 1.317752080207805099e+00
1.867724651548918757e+00 1.863044625108182917e+00
2.788402436000592566e+00 2.573118747712918264e+00
1.226679738372109973e+00 1.033569861678883983e+00
2.571247582904316875e+00 2.352968104714280972e+00
1.954111919416426257e+00 1.713369073295744727e+00
2.733607461919634662e+00 2.663290041850991052e+00
2.762402976351566064e+00 2.443114502377039088e+00
2.822186441093102349e+00 2.787895943768567975e+00
2.609251180475255616e+00 2.340505466281675773e+00
2.606793504753104784e+00 2.441222414770099824e+00
2.931315296912877510e+00 2.761015080754447126e+00
2.598221228963516261e+00 2.444895862577048717e+00
2.314546409436653018e+00 2.162854200006626648e+00
2.252178389214994247e+00 1.993769215326881783e+00
2.347106138976567280e+00 2.060583156820399608e+00
2.589311738371748994e+00 2.194833061628600923e+00
2.695142806802513391e+00 2.422442083391110668e+00
2.010088874988977814e+00 1.941274898054790921e+00
2.848756761857655917e+00 2.842296018893437637e+00
2.858825690205790249e+00 2.318806978606165803e+00
2.968065696858010138e+00 2.297018718431598661e+00
2.870935474622188011e+00 2.600776591713597430e+00
2.174874299305269432e+00 1.976243198472360740e+00
1.711346264446498289e+00 1.388518683774724982e+00
2.731304274592854853e+00 2.421035776826910624e+00
2.696937726862539186e+00 2.386827414678585946e+00
2.341864937232870147e+00 2.310971857301305832e+00
1.977664261823085745e+00 1.698759592982345357e+00
2.045587788497472026e+00 2.016287009484187376e+00
1.003060394835522784e+00 1.001084227171028074e+00
1.728593041782382267e+00 1.444044916179533455e+00
2.873148333731527337e+00 2.195682498809136796e+00
1.203377565559269557e+00 1.181572234775728480e+00
2.051903255774409907e+00 1.953649661357921063e+00
2.474831036542237683e+00 2.435241701926790459e+00
2.312172203919844460e+00 2.045937238423787718e+00
2.998259539178809163e+00 2.516121287393269235e+00
1.421355184282214301e+00 1.188846949656139573e+00
2.011927906421599133e+00 1.347888425375309618e+00
2.679657477711459457e+00 2.629777030734197218e+00
2.423441591470399281e+00 1.155908437763786267e+00
2.829759150576377280e+00 2.464071984131020354e+00
2.957688544897540961e+00 2.624855716338994949e+00
2.110231416562580620e+00 2.032845413097397191e+00
2.669407655848678118e+00 2.499953268750856772e+00
1.221727679583310966e+00 1.162906657307306357e+00
2.761506181169058216e+00 2.490525159921048726e+00
2.786952671326552444e+00 2.151005431989730265e+00
2.933630119931438518e+00 2.766425146476242158e+00
2.609352374174854994e+00 2.263192932148944347e+00
1.986780290979513142e+00 1.827784360061088353e+00
2.316333920130922763e+00 2.053703890257195130e+00
2.647247487821649869e+00 2.263935863934757098e+00
1.747101352662820961e+00 1.458546202862334162e+00
1.632619392655967561e+00 1.602281091776219357e+00
2.697386469873414239e+00 2.666878513851834498e+00
1.831379895355852883e+00 1.732928160886142210e+00
1.843828726052734401e+00 1.843414926272980869e+00
2.938082685309681974e+00 2.840427751196489048e+00
1.592510497725408314e+00 1.509619528260867094e+00
2.241671557686833349e+00 2.084290017453839017e+00
2.769228417215674476e+00 2.613571702590349766e+00
2.827050323906156848e+00 2.823182427324707255e+00
2.554770078950655332e+00 2.490848258872332188e+00
2.612436107285001086e+00 2.534725393587485165e+00
1.089234396950989225e+00 1.025724805765476866e+00
2.205828720419787725e+00 1.190714082905616422e+00
2.830365669420875196e+00 2.314976683565110438e+00
2.788702075534400748e+00 2.174021717129884124e+00
2.286862199198059109e+00 2.246928204828861464e+00
2.360085289482684701e+00 2.063293027227977472e+00
2.772880234990880766e+00 1.621457140750221848e+00
2.927785365130869177e+00 2.894889465325494182e+00
1.428943607929017867e+00 1.390787474129810963e+00
2.060592337977297461e+00 1.672006858573526378e+00
2.213758548320313935e+00 2.151293283466798822e+00
1.800513113011620758e+00 1.793359796310242116e+00
2.744168213323233019e+00 2.349364338886024584e+00
2.680889581162592350e+00 1.326160211863792959e+00
2.801871211302165765e+00 1.740118757111360992e+00
2.433774890714477834e+00 1.408372699745720658e+00
2.493305611603811034e+00 2.464031274800321469e+00
1.681672336769906018e+00 1.575261060481874198e+00
2.351337860408170499e+00 2.248562770275854827e+00
2.110952796667367792e+00 1.354704176168783025e+00
2.631403906205267429e+00 2.215527789197643482e+00
2.892739319888747218e+00 2.646010028924730140e+00
1.822911135743694233e+00 1.596274324597849459e+00
2.559259102602618796e+00 2.532019113846074365e+00
2.966260187874146137e+00 2.219874328732756918e+00
2.387005153515871392e+00 1.991691023718613840e+00
2.641669267502435581e+00 2.340997279361087369e+00
1.554464347687919634e+00 1.260141862589117201e+00
2.762549574743494052e+00 2.685987711322526117e+00
2.422251114671787775e+00 1.853873091146206686e+00
2.573925637427832314e+00 1.765660184328440074e+00
2.525370133815787455e+00 2.395317488470887213e+00
2.721805615928155841e+00 2.545792962151166794e+00
2.626934608478840083e+00 2.072625928699851627e+00
2.613778255493305558e+00 2.085844704193727583e+00
2.505062427875602626e+00 2.178139215929141059e+00
2.692721218568001174e+00 2.437974359054025708e+00
2.733184674397109326e+00 2.111072110938277735e+00
1.928899223252070305e+00 1.749945340893843237e+00
2.553353848237789769e+00 1.744964859710110172e+00
2.737246061876450476e+00 2.232473843666221480e+00
1.771106265102447175e+00 1.585164829112209572e+00
2.933374029079239165e+00 2.859077981926516632e+00
2.757303274743267973e+00 2.727249265220721419e+00
2.104104652961050093e+00 1.956648198590983379e+00
1.398087026042310610e+00 1.263892001546415678e+00
2.543917158333477424e+00 2.189307499602055618e+00
2.823656711767942973e+00 2.791810842814024696e+00
2.726694901201392351e+00 2.018841805492038066e+00
1.277662918736111486e+00 1.178973330668394270e+00
2.471188292075391146e+00 1.765629772665261887e+00
2.882892200029693708e+00 2.119822099542188809e+00
2.751302522679061724e+00 2.540875220036145521e+00
1.765234233218392790e+00 1.543873460846705958e+00
1.937681518107658984e+00 1.807645288860090682e+00
2.767063849220935623e+00 2.665845950745610260e+00
2.589399771378064763e+00 2.465320881098675088e+00
2.697693003334872053e+00 2.553024946507543635e+00
1.699734548052354688e+00 1.337889213161432611e+00
2.958183618197046449e+00 2.920772480231046853e+00
1.940908142517796531e+00 1.671881234028964380e+00
2.526031997256680484e+00 1.762139764479797810e+00
2.115501943485494252e+00 2.079101389683219558e+00
2.506926966506177301e+00 2.346474965904048915e+00
1.352481174009842357e+00 1.313788983712780967e+00
2.861852380800957718e+00 2.371630712976680044e+00
2.881731164917797017e+00 2.222700917908832174e+00
1.643933458909127232e+00 1.618164437921786325e+00
2.933138512333402836e+00 1.720437850826087356e+00
2.202186914805287721e+00 1.344080973658071443e+00
1.520690938211584964e+00 1.384687845638185921e+00
2.090346756415377705e+00 1.983783818419925904e+00
2.842824487638889508e+00 2.379714596627646284e+00
2.337863810541313647e+00 1.119136322336142797e+00
2.656909587817712026e+00 2.421475464684024193e+00
2.690771108960840152e+00 2.345783508208536094e+00
2.333936541058700076e+00 2.027733760948850161e+00
2.669268123382026126e+00 1.065177149493541808e+00
2.322122082345379646e+00 2.301151210978332973e+00
2.883968794084917242e+00 1.858932549181348870e+00
1.641479690889351195e+00 1.621713148175997432e+00
2.953997663024765519e+00 2.768924747757115945e+00
1.165248928151002561e+00 1.057046160808651658e+00
1.386057990629504966e+00 1.334020944287815702e+00
1.862248217340843448e+00 1.238709606531615881e+00
1.947882325712834595e+00 1.889593029183875617e+00
2.573218730646168240e+00 2.166055342145867701e+00
2.789703339291631501e+00 2.387106349184353604e+00
1.952007410757763628e+00 1.845423146915613266e+00
2.959608512343869791e+00 2.477780579674833561e+00
1.469939119462743804e+00 1.105736000175702838e+00
2.861327667524799168e+00 2.833530933309786448e+00
2.791504433655318085e+00 2.421344343803877308e+00
2.506844390421842927e+00 1.527895754114338756e+00
1.952581288377680746e+00 1.776882183189041120e+00
1.623781195754935069e+00 1.246384518366997041e+00
2.478472188312687674e+00 2.048462776053479040e+00
2.717412507560529100e+00 2.635181374263126042e+00
2.079011160718747142e+00 2.072887237262380111e+00
2.614117442823157056e+00 1.544304715843215492e+00
1.763299745673932994e+00 1.511751292075061093e+00
1.477094162747155215e+00 1.287974767678275123e+00
2.483438661006186265e+00 2.157127042017332741e+00
2.058714833195499416e+00 1.993991736577397589e+00
2.111850555192491541e+00 1.911256507205749466e+00
1.285451464195163762e+00 1.143016837685404852e+00
2.619111691939868258e+00 2.216110413954005764e+00
2.979896972502214414e+00 2.578964506215718266e+00
2.883963852480537771e+00 2.733321633618441382e+00
1.672290996022268494e+00 1.321634535334627047e+00
2.660721963396528000e+00 2.473159962823212155e+00
1.031012196649520485e+00 1.030786676893183262e+00
1.475534551950915318e+00 1.383585365197103956e+00
2.093791600337520542e+00 1.910861607960858466e+00
1.796883489007248036e+00 1.619112775168091822e+00
2.670867123866366377e+00 2.415466022465361462e+00
2.786108001054803829e+00 2.673998187728364506e+00
2.933790108041570921e+00 1.728599173062832062e+00
2.218529680900678258e+00 2.129174858226732692e+00
2.807442451709356579e+00 1.840936837581374386e+00
2.050954292900978970e+00 2.050832999589943917e+00
1.743569600532558495e+00 1.556286463808117082e+00
2.423899291693070168e+00 2.405895862524367157e+00
2.690035013919226614e+00 2.123762738609391576e+00
2.508785141586077128e+00 1.997032065626442199e+00
2.864228369949814113e+00 1.733289187276817245e+00
2.587500042768041020e+00 2.244045651405186526e+00
2.656682366761439873e+00 2.601871299591286490e+00
1.306681240264574440e+00 1.165319657519057639e+00
2.511866882379081289e+00 2.010838540078095704e+00
2.788054490622843495e+00 1.963453625736861996e+00
2.078689089569528914e+00 1.993601460219061483e+00
2.689167493678616516e+00 1.412699422068471877e+00
2.145223689422128377e+00 2.108004714248247868e+00
2.654449088087521336e+00 2.408788533143972455e+00
2.506926017755899405e+00 2.382735744499860253e+00
2.805478546534390105e+00 2.033632159295831077e+00
2.987607209943655917e+00 2.184596060377535842e+00
1.877757131383318789e+00 1.613944774540708282e+00
1.983393836116495779e+00 1.841021091352330386e+00
2.825519665475387576e+00 2.793871111129870410e+00
2.361407486532255628e+00 1.696286223969711848e+00
2.646694582145321384e+00 2.446214277760482059e+00
2.665838642928809676e+00 2.176533204436208901e+00
1.558688660971144335e+00 1.382132642745852680e+00
2.945438579852380556e+00 2.870876108850983766e+00
1.443105629158571768e+00 1.279798362246291621e+00
2.904569274295174974e+00 2.750609791715585839e+00
2.449040351510347158e+00 2.241738355102604885e+00
2.777447659757572129e+00 1.870934742086472147e+00
2.325399951686880406e+00 2.033748935191551421e+00
2.370128629840619450e+00 2.101997759598732696e+00
2.307463371773710747e+00 1.892671214724914508e+00
1.512927750169306584e+00 1.353482669787254844e+00
2.020573955625739160e+00 1.718072929133787952e+00
2.646387798659026735e+00 2.634270865731032085e+00
1.866873663678729089e+00 1.856598407127307837e+00
2.316682769200942182e+00 1.365438157518984674e+00
2.448852324844115635e+00 2.244968732879640605e+00
1.628780136675517021e+00 1.600702054709607136e+00
2.379346102629892101e+00 2.156891209038366508e+00
2.385411345515077386e+00 1.567325529848258903e+00
2.489466584719933540e+00 1.313233284946281554e+00
2.751403718050295932e+00 2.606131941524949092e+00
1.891474054824324735e+00 1.811226998410561118e+00
2.245951487874418895e+00 1.180864988125096549e+00
2.497049183027044261e+00 2.232955967296124111e+00
2.196764862435983900e+00 1.645231784292838562e+00
2.935890648438044259e+00 2.918226280199653910e+00
1.225359737138252969e+00 1.110396370471760985e+00
2.479644872885681028e+00 1.991232191826862730e+00
1.229358751480374767e+00 1.054746736590790546e+00
2.131977494289042596e+00 2.106619227556006724e+00
2.758668825786528611e+00 2.018783730119726449e+00
2.457520655902281526e+00 2.349426512012930512e+00
2.841390701614587844e+00 2.408301536358580908e+00
2.894126984846975503e+00 2.857947751482429410e+00
1.225704813353618139e+00 1.073408764312807850e+00
1.415453874010714763e+00 1.209952416975971667e+00
2.569161815331365784e+00 2.331162715139795782e+00
2.999771443388253189e+00 2.959863040677836121e+00
2.741429919162341022e+00 2.386847506451656553e+00
2.434524265513584584e+00 1.362311778187673905e+00
1.500584270429451861e+00 1.083304017913478523e+00
2.945563125526999393e+00 2.745021259398902291e+00
2.797885763940612946e+00 2.514016625660840720e+00
2.315562045477085995e+00 2.045324542141787383e+00
1.905014897975974453e+00 1.425851528748586450e+00
2.946297846767696349e+00 2.879042061092159877e+00
2.630730364046498515e+00 2.040082860732007397e+00
2.891291296962347879e+00 2.208086276258876879e+00
1.756506266274987960e+00 1.701917678372955489e+00
1.510617938461277676e+00 1.173653498844491772e+00
1.729348025877336603e+00 1.641250840041683867e+00
1.361017072490555924e+00 1.132140319488137425e+00
2.701092184537841057e+00 2.563007484894142873e+00
2.101008948613725558e+00 1.131123519295921920e+00
2.726524867573190569e+00 2.560893893370301821e+00
1.376501685693585442e+00 1.363440716392133378e+00
1.143907277096354091e+00 1.075716201355421342e+00
2.866324050163858494e+00 1.932031566645737497e+00
2.804932018655474479e+00 2.668909563653737216e+00
1.036856660356812787e+00 1.008154669559425232e+00
2.610931123286164723e+00 2.333617261432512358e+00
2.401415284950951801e+00 2.340829473561390817e+00
2.808711092468886950e+00 2.730703474846663426e+00
2.100274837590560217e+00 1.973085296713679160e+00
2.495841091036978376e+00 2.358660035655229414e+00
2.638109201494074796e+00 2.582759957151202990e+00
2.000635117447433498e+00 1.982247710981915878e+00
1.277753531126184283e+00 1.268303790783100071e+00
1.191647978849953660e+00 1.148741491502073941e+00
