3.021796039778606779e+00 1.323791633408544444e+00
7.653503657942636096e+00 2.538128192953726270e+00
3.146706804767685828e+00 2.134429305585860082e+00
3.443882321480531417e+00 1.196073607732182298e+00
1.487972584833770640e+01 2.940542772395080995e+00
3.914889089912253262e+00 2.549312480745137055e+00
5.361396074998255656e+00 2.118049985787174627e+00
3.631685059576247099e+00 2.985772223525203550e+00
7.443650340269776677e+00 2.463786208463445426e+00
3.532434144760684624e+00 1.838967690479690331e+00
3.234260540232072323e+00 2.762025058845522629e+00
3.039201247832205244e+00 2.591261914447719139e+00
3.662577135295155273e+00 2.718324033929006234e+00
3.054339400585474706e+00 2.566934338836510232e+00
3.422555377549089783e+00 2.664678060955723460e+00
6.875208815512391602e+00 1.190318643858460534e+00
3.853611285464534131e+00 1.553325709814185496e+00
3.347647239137212960e+00 2.429729006540788383e+00
3.010120196149150829e+00 2.122309754591251707e+00
3.636084712445083689e+00 2.058832087825632762e+00
3.111083565743881785e+00 1.471532765987547897e+00
5.562190112288916133e+00 1.134178441565946605e+00
1.918822365947213981e+01 1.794655904079334618e+00
1.154757442201954376e+01 2.667151636469982989e+00
7.826328190253076578e+00 2.833985585040004640e+00
3.130099862025113033e+00 2.248262601408185901e+00
1.799756778936274415e+01 2.726422787588438368e+00
5.514727020831140081e+00 1.511912972677686762e+00
4.280317729711473618e+00 1.315983032098808181e+00
3.386584620775797028e+00 1.604264724679352661e+00
7.618666339484098771e+00 1.193909205223485426e+00
3.956355706402732597e+00 2.244682132730659863e+00
3.414421136487896913e+00 2.243734929308241366e+00
4.060285601447247927e+00 2.580079772045863251e+00
3.126740171821610126e+00 1.546391581500157875e+00
7.442805030349207485e+00 1.018711354616646414e+00
6.483415106197885081e+00 2.945843187344074021e+00
5.435833512201873496e+00 2.090045670923612597e+00
3.825082795954855897e+00 1.376378402170859827e+00
3.902686421209057510e+00 2.411327544429288317e+00
5.249307857205629979e+00 2.965540868664596541e+00
3.340220014403703530e+00 2.436649730120837631e+00
6.669895738856499889e+00 2.073298226405340561e+00
4.765094846998819911e+00 2.451412808058823778e+00
6.046599265043422378e+00 1.379424130284698125e+00
9.120665838496618605e+00 1.699791599455599211e+00
3.837626538683955424e+00 2.780012381455521098e+00
3.141485834403002109e+00 2.933024625568737775e+00
3.449426691984327498e+00 2.126916426868000087e+00
6.369037785428424137e+00 2.910654160530791401e+00
4.421800591135782277e+00 2.646489358696520799e+00
3.663646957829028050e+00 1.875795363307207086e+00
4.133583495506616856e+00 2.750624849262559124e+00
5.880951368287104408e+00 1.374056373841600065e+00
6.249758915143363680e+00 2.871058400573675229e+00
1.969119597868208871e+01 1.403504675047344552e+00
4.646542542341918214e+00 1.777923571328179575e+00
3.461088026078442237e+00 2.257823172951048729e+00
3.984103653562840464e+00 1.346136582152503314e+00
3.431204712315625294e+00 2.189072936916409695e+00
3.366589397754404800e+00 1.950674715238499557e+00
5.868073852976464444e+00 1.383270047496877320e+00
7.614357159496146998e+00 2.134239127075125531e+00
5.610694610111678138e+00 2.682096247177272463e+00
3.720975978964831121e+00 1.998987776069020006e+00
4.624986629039457675e+00 2.491789499580887135e+00
3.727721309835564600e+00 1.533210912642265500e+00
3.243720646438569055e+00 1.403605893270934768e+00
4.848007660393628626e+00 2.788410391379345654e+00
3.218797327823812893e+00 2.851741903437349457e+00
4.194485292258669951e+00 1.337574468851196352e+00
4.572324071104596044e+00 1.926749631721910161e+00
3.042394641369968955e+00 2.804876372417642649e+00
5.834788501569889263e+00 2.866113000655882370e+00
6.532278107395329769e+00 2.718724188489519022e+00
3.145997563185400914e+00 2.284296089167451971e+00
3.125636361981340983e+00 1.080425589720153123e+00
5.644460366172581622e+00 2.870031401810859695e+00
4.919048330374270250e+00 1.265897125944461354e+00
4.264314299563429778e+00 2.930273276588683640e+00
3.252379365580192250e+00 1.724114560215245673e+00
3.124343018756368107e+00 2.758619663888069784e+00
3.183649238532789028e+00 2.530728343799240498e+00
3.834608428915186273e+00 2.840338970197477941e+00
7.626858625903845557e+00 2.965663869096288430e+00
3.523801864031516740e+00 1.145481663063679045e+00
4.052826915941753150e+00 2.801653852178240811e+00
3.856297809924638997e+00 2.224504103480485995e+00
5.090162068616827185e+00 1.016015509359750491e+00
5.383104769170671489e+00 1.859808667036405572e+00
4.414822503106663909e+00 1.042185842001651430e+00
9.105859278168251691e+00 2.794078960770891129e+00
3.684481164308708756e+00 2.424788825896656341e+00
5.927914800759459091e+00 1.005180211530816159e+00
3.423643755284061285e+00 1.936857232470085233e+00
3.120849620343800979e+00 1.670571976180702745e+00
4.014440070158835638e+00 1.706521714678541413e+00
4.516732757381369368e+00 2.341305211530722019e+00
3.252897817652367518e+00 2.558821753074344230e+00
3.226765196691083304e+00 1.378355638570541108e+00
3.870648014338970100e+00 1.518085167246433498e+00
5.038012091590949204e+00 1.783901499850373717e+00
4.274108449850141156e+00 1.216161377169146185e+00
4.501980118381504248e+00 2.201341190180165164e+00
3.670461712417141253e+00 2.525464664968988249e+00
4.410004656847366533e+00 1.716477136611237242e+00
4.731302928743939873e+00 2.684652110653896973e+00
3.273991904288085841e+00 2.360060756887427225e+00
3.192906408163770138e+00 1.586069826364230551e+00
3.344086727815945181e+00 2.882087741903134770e+00
5.175958325636340618e+00 2.793258699467483730e+00
3.013299343608160541e+00 2.487010226285081504e+00
4.110018652115478233e+00 2.453878540317970369e+00
4.998730672944976305e+00 2.308325889826059463e+00
4.245173429235462592e+00 2.177154334801690627e+00
6.387392111019915220e+00 1.510112022538719234e+00
3.187770081216194207e+00 2.893092670040777747e+00
1.088644694033539828e+01 2.333364131426360011e+00
6.666802596733969466e+00 2.706485352846862202e+00
3.034341780538484024e+00 2.691295696444000907e+00
3.243118672491718701e+00 2.078597616540649895e+00
6.464910520715229758e+00 1.296469193134953013e+00
5.402534822843870543e+00 2.271559489126641296e+00
8.665393038426900674e+00 1.875632900861943675e+00
6.767742484256501712e+00 2.048951862000324642e+00
5.424343433725885788e+00 2.214993206528801828e+00
5.784103527540906953e+00 2.868139955058466306e+00
1.009853480513631219e+01 1.898864714974777934e+00
1.853604125547680326e+01 1.719235554209998629e+00
3.151332396222553456e+00 1.597942701164184465e+00
1.519341850056715160e+01 2.579592333903532264e+00
8.157408194267400603e+00 1.316233588732629078e+00
5.804163591599531102e+00 1.840054041543628172e+00
3.015840096992707053e+00 2.067392505659072732e+00
4.491289651532767380e+00 2.786366232494685846e+00
1.482333888702445002e+01 2.864498888384292119e+00
3.380056938030849611e+00 1.005407807486196292e+00
1.265039825868638701e+01 1.834235063490504691e+00
4.483776987708362860e+00 2.937348447408187013e+00
1.147256360904616379e+01 2.086085808383873363e+00
5.961059311203153577e+00 2.388408440477003403e+00
1.418906396587233587e+01 2.744558720088150938e+00
5.322875397844472722e+00 2.897599268860415300e+00
3.392717397020508230e+00 2.967725233611695934e+00
3.118856348466870543e+00 2.536849975305858429e+00
3.635128254373984014e+00 2.113085804923279021e+00
4.074595223002644317e+00 1.930199485982255103e+00
3.076554706724536459e+00 2.612525955956495061e+00
3.568742733884005425e+00 1.704703875062381746e+00
4.154966891837847953e+00 1.078345609926872672e+00
3.100628332467297632e+00 1.876283171572431074e+00
9.355266248148563335e+00 1.529011678896473159e+00
3.525819591372474804e+00 2.960739570647068497e+00
3.681923218725031255e+00 2.390674704361309022e+00
5.287093625729291091e+00 2.783064960430208679e+00
4.885742109246768194e+01 1.688464116018348227e+00
8.604875430789711288e+00 2.003579072434687802e+00
3.975974814207817953e+00 2.674732555051919647e+00
5.718155329983350299e+00 2.935404018325082021e+00
6.714599885690622827e+00 2.984991758858090982e+00
3.943424369603433455e+00 2.902292244919017605e+00
5.858819102402454959e+00 1.037287597756819002e+00
3.374493193909520627e+00 2.396883783744530483e+00
4.539845631849592777e+00 2.685491875189687239e+00
3.147180667503171048e+00 2.084353140025720919e+00
4.772173233312783758e+00 2.189942425248148528e+00
4.609475894654815775e+00 2.578876362067432204e+00
3.142831848439707976e+00 1.725421210599371813e+00
8.053133763129215694e+00 2.205530009112429468e+00
4.551557085567985439e+00 1.772274630999944423e+00
3.919953140284253124e+00 2.370779675773710515e+00
3.056748284198450349e+00 2.882582396073129161e+00
6.414200216409320809e+00 2.959667017526468769e+00
6.914492434509135421e+00 1.471780458527819135e+00
1.034411627910740528e+01 1.855897219274992738e+00
3.532041315289435879e+00 1.691381698708665393e+00
3.116746500132801856e+00 1.898599135473813204e+00
3.881245460983956175e+00 2.283625001229927953e+00
5.173883855868086634e+00 2.062250589455040028e+00
1.008476357203398521e+01 2.672717189454905551e+00
3.742624296011206830e+00 1.387458455064273677e+00
7.271890155644607390e+00 2.403233418566921742e+00
1.309482527055242329e+01 1.202152703530883660e+00
3.538884608754447214e+00 2.333302384649777128e+00
3.821168749640413420e+00 2.754625503155714306e+00
5.733122337648774547e+00 2.913277153040148448e+00
3.211239366859015121e+00 2.173280384695938761e+00
3.073125021772137977e+00 2.692433440450760163e+00
4.977121571972480396e+00 2.748330564368113738e+00
4.924113583690925111e+00 1.961013134693857962e+00
4.209065883481207138e+00 2.740676203728694471e+00
1.101447007305832315e+01 2.539639498003512408e+00
4.932493325670042950e+00 2.533528945449204262e+00
5.436253163562396296e+00 1.337106211232511166e+00
3.892556787283615982e+00 2.051978086721123695e+00
3.785607988097764665e+00 1.669187658147171405e+00
3.146932641629033967e+00 1.618495875423637820e+00
4.125590736935258462e+00 2.130583198600964678e+00
5.906810690875173186e+00 2.455256317888104611e+00
3.159055797712154501e+00 1.779041202968623780e+00
3.992861040858900701e+00 2.907212937712352119e+00
3.647602554112958195e+00 2.989623702530427529e+00
1.232039480582245616e+01 2.166867839092023296e+00
3.773183420982387126e+00 2.859456325894489392e+00
3.436661552932203101e+00 1.275280981417119763e+00
3.566346963733978637e+00 2.723021488142351565e+00
9.161140396812832876e+00 1.043749058922248452e+00
4.683955080414042627e+00 2.331206962677763173e+00
3.509385952273793130e+00 2.810975045801731298e+00
1.011319222762302239e+01 2.711474994666308369e+00
4.605488020510417613e+00 1.356723587509047313e+00
2.653264077019780132e+01 2.945504653784507987e+00
8.371461036079251627e+00 2.211136633275217367e+00
5.581739081656921897e+00 2.053614001948081746e+00
4.065370811413544061e+00 2.263890642149596566e+00
3.276845644250799161e+00 1.662325603531341178e+00
3.082260937054561722e+00 1.754685524606604208e+00
3.937614396553063667e+00 2.094176989045378523e+00
3.059951099818599918e+00 2.556193147678303745e+00
5.435993257842338444e+00 2.249945280540968540e+00
3.962069208483175675e+00 1.041556496874776139e+00
1.421684472357607554e+01 1.043454633904285389e+00
3.499134940725389331e+00 2.148548233889323811e+00
3.337989400101713855e+00 1.891465887652858502e+00
6.491647317324661159e+00 1.246107803373978085e+00
3.938088577616888131e+00 2.015452953476719600e+00
3.453675800292494102e+00 2.247339851839215807e+00
3.041095260536310629e+00 1.287256644962098795e+00
5.050209283726434073e+00 2.911892745722320264e+00
5.991009053509107396e+00 2.804041041754538277e+00
3.821035865113569407e+00 2.457571913295606869e+00
3.548853030906649941e+00 2.623521838349853752e+00
7.676375250271329165e+00 1.146629096232489653e+00
3.672889428564174885e+00 2.831224344301482176e+00
3.531685392312160943e+00 2.622087454587354483e+00
7.436877011365760737e+00 1.449396713801103909e+00
6.462485573572781306e+00 2.489662798947602340e+00
5.036378682352578018e+00 2.947089720721230766e+00
4.812568420436122096e+00 2.309702650097598120e+00
4.380369594453634718e+00 1.861128463532741639e+00
4.744194625135794041e+00 2.076956263951308834e+00
3.265039692643067148e+00 2.441489810332057253e+00
3.215464189586725752e+00 1.519373905229123523e+00
4.003851961524452108e+00 2.930493654417039906e+00
3.737579343652225994e+00 1.621202425894783916e+00
4.199667399269917389e+00 1.069219686595521246e+00
9.730840488550047240e+00 1.619037372747291537e+00
3.456113145214804394e+00 2.499418964951595434e+00
4.282445355215447336e+00 1.843539346922577149e+00
3.026287326415916912e+00 2.758732389090159387e+00
4.023021814759821346e+00 1.546175261309472360e+00
3.914155975376222507e+00 2.881032019231022367e+00
3.077156909956836550e+00 2.621616518260122319e+00
3.360705120972286686e+00 2.549640081569172434e+00
3.673664409295907873e+00 1.775643459859360007e+00
3.674492819484825645e+00 1.487076698068031444e+00
3.153656279504075677e+00 1.770384047222004265e+00
4.310409980924572615e+00 2.903549414075151880e+00
7.251567006937731819e+00 1.892469997436698526e+00
4.156602133558131129e+00 2.855001221789902566e+00
3.306218549257181394e+00 2.676009441985748083e+00
3.671958293513537974e+00 1.795166906132822149e+00
3.051753877973097495e+00 2.933084936640233842e+00
3.294670283886488527e+00 2.330765784299686061e+00
3.799413776058511161e+00 2.722973925891493785e+00
3.998161260628299019e+00 2.440488986501464730e+00
4.247428292163724528e+00 2.783856272884230876e+00
1.371416666210678237e+01 2.528799872135837123e+00
3.646925628365775829e+00 1.662537609382964021e+00
9.221344054289758674e+00 2.787525271708225727e+00
6.145601343341247969e+00 1.444883050897910026e+00
3.281207384475692379e+00 2.511974325876402681e+00
8.378578870003558166e+00 2.562783335332870394e+00
8.468475792165776284e+00 2.461162634610968958e+00
1.794513569431604338e+01 2.640089316564746991e+00
3.225645224083705020e+00 1.303204950385997485e+00
3.000956174669094700e+00 2.783507906449392166e+00
3.173208970684182617e+00 2.962102173951437045e+00
1.586925456843295912e+01 1.440616089038069259e+00
5.823576684296736694e+00 2.633566720027644692e+00
3.229691372301584096e+00 2.767056558755460749e+00
6.874640281431140920e+00 2.196118305717198904e+00
3.813285828199182603e+00 2.898087898928148221e+00
7.966853042454204115e+00 2.034602564753085652e+00
3.062931974191170248e+00 2.853773109451810175e+00
4.280041337263696732e+00 1.894820747609440748e+00
7.626637764084065907e+00 2.539687729853270071e+00
4.716043678184265175e+00 1.984653995302373186e+00
4.318373299770748019e+00 2.206234080939011299e+00
4.450086062755426397e+00 1.152877861793629055e+00
3.805898641671730864e+00 2.627174340891243354e+00
1.173191357469241325e+01 2.943665882474830298e+00
4.340252797910252980e+00 1.551088123831424692e+00
9.436621232082906374e+00 2.736776005440045623e+00
3.213894200067363371e+00 2.461663700724578963e+00
3.097757539574035324e+00 2.963845094137883329e+00
3.633886911290365340e+00 1.759019378721814686e+00
5.257742202641383145e+00 2.535224140708755236e+00
3.342802013431691588e+00 2.409137422866287181e+00
4.604544507893119309e+00 2.385794735923592924e+00
4.239668572529851964e+00 2.566618907064634136e+00
4.416709721053854842e+00 2.526555061105619338e+00
4.274705695938317618e+00 2.307614149873701948e+00
3.530098708811697961e+00 1.920849749922882266e+00
4.950543740253088743e+00 1.877853128840357710e+00
4.380018549728532662e+00 1.962489438068219183e+00
7.189748658910136037e+00 2.419171788997132033e+00
4.288450629043714102e+00 2.134006082374164670e+00
5.315784924429705072e+00 2.116653545282690008e+00
6.153342919256908239e+00 1.702201355082209044e+00
6.329930281758940680e+00 2.827582301426828870e+00
3.098340771884184441e+00 2.563777765684598808e+00
4.221635278299795679e+00 2.902553657311937485e+00
3.044691486547232095e+00 2.615369395454027135e+00
3.773516438550412300e+00 2.875835689382122418e+00
3.055445061289206343e+00 1.006054140755781479e+00
3.402538793235263093e+00 1.893426059220462143e+00
4.776743164432272870e+00 1.349677853226443069e+00
5.635417368039135511e+00 2.939031578235820952e+00
3.711438490510777122e+00 2.188027324265283013e+00
3.190701028314968823e+00 1.776000410690891540e+00
3.116328335613052225e+00 2.210837155088860584e+00
1.792561837072057074e+01 2.783746296924141550e+00
1.065633253160653560e+01 1.297432374271973554e+00
3.445095984624492402e+00 1.848788320703404819e+00
3.084097371002114674e+00 1.238774000278560550e+00
4.643718979437394090e+00 1.226831870449946571e+00
4.382838232051129879e+00 1.651066978170548261e+00
3.589929763992905976e+00 2.827951608777947712e+00
3.132368229668378135e+00 2.439507442141472637e+00
7.988141448546342005e+00 2.925597635275324127e+00
4.748454343498671903e+00 1.135274733479716192e+00
3.396368500257938905e+00 2.362974698952656105e+00
3.887379986380124386e+00 2.956490385093653916e+00
1.561984121918067636e+01 2.375725292696656776e+00
4.295254601692668928e+00 1.377139981738983110e+00
1.645128302831937361e+01 1.227948849428476930e+00
5.249979568602706870e+00 1.811967367920672034e+00
3.514840810888772538e+00 2.985910162912779775e+00
3.697357311512660338e+00 1.312301555605818626e+00
4.141289872739264410e+00 2.777631211172944425e+00
3.080481657998568323e+00 1.971916368892572713e+00
3.322716844832199534e+00 2.938304609005659263e+00
4.127886824681209710e+00 2.788051751339927442e+00
5.607832549328780836e+00 1.260942707482268332e+00
3.001803324766711079e+00 2.517804845770922562e+00
3.172293592558493636e+00 2.471624490643225869e+00
3.053283170541681635e+00 2.510191821879144136e+00
3.056360028151486219e+00 2.562841179150790794e+00
4.902381400583372795e+00 1.239767439308099517e+00
7.926237025568534378e+00 2.089598014435161577e+00
1.827868362640653643e+01 2.980133754562489745e+00
3.529446831839265553e+00 2.831754313572608872e+00
3.391323027808642365e+00 2.315139290271480021e+00
4.966527536658937869e+00 1.803839121153732794e+00
3.620495967414203875e+00 1.161789784448132190e+00
5.136645628411441677e+00 2.728014015158851890e+00
3.061704141086032394e+00 2.752129288555726028e+00
4.297486181813478190e+00 2.365653164020951493e+00
4.910028390163384771e+00 2.995068583194192335e+00
4.192019850973593087e+00 2.746943601599268092e+00
7.178307121032341698e+00 1.086099342397242484e+00
3.705835095071357888e+00 1.328773872540511825e+00
5.302457440181143511e+00 2.286777132494897558e+00
4.842766560914601115e+00 1.935927032214870724e+00
3.413876378980596371e+00 2.674123019771128540e+00
3.744392360572371459e+00 2.324566534280769314e+00
3.698253710621778545e+00 2.159484758083757505e+00
4.778016998123939985e+00 1.729687670107332931e+00
3.605550608271006041e+00 1.574286596828014861e+00
4.506065169071337806e+00 1.404279078465646480e+00
3.940436308513913133e+00 2.547227798643879826e+00
6.668075768285329552e+00 1.736845752816995159e+00
1.313062141486727619e+01 2.834551301422639558e+00
1.204987295364254152e+01 2.485159533396630316e+00
1.001540409085238537e+01 2.035223854570875623e+00
3.628616480085285811e+00 2.270626174002522646e+00
4.391268770291876677e+00 2.122105269077666723e+00
3.888012735557786037e+00 1.853723260376392235e+00
3.471305510240388692e+00 1.038813479913542448e+00
3.119971698232406609e+00 2.280213043292821595e+00
6.295263206693954672e+00 1.295067301359754230e+00
3.805639440554879016e+00 1.358726838265596149e+00
3.795162147456019319e+00 1.241033981204192616e+00
3.389516507944422052e+00 1.656849113416019481e+00
4.241885952033198848e+00 1.264451731893520670e+00
3.432204189465589472e+00 2.843265899723308898e+00
6.332938366220297155e+00 1.936667356300064036e+00
7.544719837230932313e+00 2.102205936946844211e+00
8.168588090113660272e+00 2.599800506402249578e+00
1.543602859493078938e+01 1.685039193101860011e+00
3.638005753273535703e+00 2.837962252611204050e+00
4.411487148144325410e+00 2.469578439517742918e+00
3.025192082092337031e+00 2.025424421287737253e+00
3.111851052476298563e+00 2.959982157760074450e+00
3.437085698137831269e+00 2.123669920170065062e+00
3.276736970386434855e+00 1.232571903972217831e+00
5.539974932737644409e+00 2.806001663848362693e+00
5.075945342773065860e+00 1.838665475302435626e+00
3.889340971389495749e+00 2.552348001410046585e+00
3.267937568954627725e+00 2.846448527202083412e+00
5.099295909788448711e+00 2.569726824623160155e+00
3.962258355407725308e+00 1.129998694326362019e+00
3.754896968952809555e+00 1.855876605422669412e+00
4.852298200794598948e+00 2.337307219641403755e+00
4.125417046311649294e+00 1.000881231522287029e+00
3.076120179543344602e+00 2.783177876456642164e+00
3.287124815667535671e+00 2.385422490109293747e+00
3.541176185440410684e+00 1.739471911498748247e+00
3.013782647022908989e+00 2.446794540147438468e+00
6.708134190858226376e+00 1.462133852990090244e+00
5.453607094131441180e+00 2.447088414281777702e+00
3.280324755825140937e+00 1.170913226895995862e+00
1.266223785737940943e+01 1.891654405642367864e+00
7.209269542078414972e+00 2.429126878829563019e+00
5.723782706194191050e+00 2.749485719415039053e+00
3.369757370930781981e+00 2.035898186303897184e+00
3.118443060581147730e+00 1.140555857411274632e+00
7.117384735425105191e+00 2.954922223216594368e+00
4.441558440744869607e+00 2.680723271046558054e+00
3.085373148750809591e+00 1.288066299974124140e+00
1.535398489809034750e+01 2.322877292870499488e+00
3.467512346485945418e+00 2.637868729199346340e+00
2.371639859664149697e+01 2.808421544812543580e+00
1.262493637935846813e+01 1.577004597988087564e+00
4.729628334873820172e+00 1.356928206283082083e+00
1.129715160736806823e+01 2.846084765451606380e+00
3.588053646884226566e+00 1.890221750717017590e+00
7.703465626731183846e+00 2.611982576780826903e+00
3.585333044261710178e+00 1.257229829963789403e+00
1.087537715170607022e+01 2.286584022699662100e+00
7.995916463346710579e+00 1.364125897913284646e+00
4.070818590002650339e+00 2.432768204583221738e+00
4.041093314514490942e+00 2.691822134045913195e+00
5.110642280802940363e+00 1.568834309885219547e+00
3.606685640997301601e+00 2.894106008035117750e+00
4.516498514553434873e+00 2.073966771648115603e+00
4.785684227807704971e+00 2.924966992954714406e+00
4.856257261408005732e+00 2.101345006803866156e+00
5.575148854173879620e+00 1.652201107860729046e+00
4.700177951904902507e+00 2.100075094254556518e+00
4.230943128107332640e+00 2.798271304864149656e+00
6.803831111072355498e+00 2.435199700475828344e+00
1.102358990182494303e+01 1.925378841303845734e+00
6.367262306671678473e+00 2.895101610060865305e+00
4.497985108770057749e+00 1.331696528422883663e+00
3.352007585010928103e+00 2.448067172190092400e+00
3.752417570774873923e+00 2.064354357384932115e+00
3.868547486321044282e+00 1.960524237105594647e+00
3.382628590037068950e+00 2.638073588921538537e+00
3.318956871466493652e+00 1.478433930741291480e+00
3.204309123085950173e+00 2.694861167027180926e+00
4.828915534845886981e+00 1.775311353554293481e+00
4.538737957618495855e+00 2.169514953581048289e+00
3.449148887268713715e+00 2.317270703667865916e+00
3.128298447893172352e+00 2.881387199151440370e+00
3.175575992504962919e+00 1.717691944715790120e+00
3.642652934422440758e+00 2.388753255790760921e+00
6.865307552157389637e+00 2.689064788281244844e+00
4.028584111850784133e+00 1.208650741393880734e+00
1.224053370803018481e+01 2.627986843776680459e+00
3.230244868705531402e+00 2.890535374657644763e+00
8.271318740692791494e+00 1.548139224523441992e+00
5.754368764296883043e+00 1.650171130037487277e+00
7.811462286713767078e+00 2.073980309018119250e+00
8.623665155902958901e+00 1.828383772309639888e+00
5.412517244992222309e+00 1.376854878232367518e+00
4.168260502257601807e+00 2.286488969788003089e+00
3.170097520155257698e+00 1.724745593134265453e+00
6.557223138949648700e+00 2.888646725540620075e+00
4.646784629994348492e+00 1.360123712127026430e+00
6.069128394685945338e+00 2.723932819041702924e+00
2.058274077759870480e+01 2.286047759616472774e+00
3.431354218495271891e+00 2.895962622405846787e+00
5.345677440826123394e+00 1.876258070141413548e+00
3.092488766515149479e+00 2.250277503547088553e+00
6.566245406294628495e+00 1.439165499068056908e+00
6.975670346960265888e+00 1.571909140874701682e+00
3.362612463320387768e+00 1.463232538665725446e+00
3.569856450940454007e+00 2.056492544275606793e+00
3.368320732794555461e+00 2.113983459196559167e+00
3.108002435665512486e+00 2.301537140099625844e+00
3.773420781006355362e+00 1.671478823803139946e+00
3.029330311915735763e+00 2.666408102651016687e+00
4.071128131639202508e+00 2.452848797220918087e+00
7.470756580374041889e+00 2.686043622904494832e+00
3.174773259699266603e+00 2.526634064815245662e+00
5.631955363698474493e+00 2.145293903281026537e+00
8.663371165827149056e+00 2.533248056991004304e+00
5.339136448059128348e+00 2.833640651510874520e+00
1.089728385083392226e+01 1.616849926394642090e+00
3.104206117362054762e+00 1.678802560419740741e+00
6.955036486405526297e+00 2.575399574399638958e+00
5.624156881556647392e+00 1.405934799047502182e+00
3.005967489649723490e+00 2.494619798084234841e+00
4.309412281442499548e+00 2.041034340631251887e+00
3.676026034078103244e+00 2.362202224799973216e+00
3.100589319686323897e+00 2.672935148765540170e+00
3.123892530230717224e+00 2.325607186171179563e+00
3.561589934823385928e+00 2.025608343784717214e+00
4.208320181309448849e+00 2.799385013011002954e+00
8.331854427151341724e+00 1.694622112412701664e+00
7.748170097559183844e+00 2.966821005776140829e+00
8.168375981347914205e+00 2.688746137547607162e+00
3.945446192611024472e+00 2.373670025160130148e+00
4.284317561799559471e+00 2.031790179517104278e+00
7.671521613542839901e+00 2.403574281355829179e+00
3.166246969591693272e+00 2.553127816179025622e+00
4.545989111783234726e+00 1.665391251507052139e+00
3.384516491629856016e+00 1.347241550216979888e+00
3.190883086049808526e+00 2.390715236966986179e+00
5.338785565818511714e+00 2.034145154179323622e+00
3.584394270921213099e+00 2.244681963312196160e+00
5.737601588777780037e+00 1.489144832783021011e+00
3.733015796987501744e+00 2.423410301702952907e+00
3.315804883738969977e+00 1.895732694742183089e+00
3.940566400244621015e+00 2.773608643751309444e+00
3.088627920923325831e+00 2.144650550497723351e+00
5.549196580607971718e+00 2.263898027991577244e+00
3.040851932600877383e+00 2.260884228330065415e+00
1.137365270390493421e+01 2.910527371300827060e+00
3.476146734587975740e+00 2.478987925569511752e+00
1.013369754801215628e+01 1.741993477658760892e+00
3.530282115563490475e+00 2.027691749196032234e+00
4.022940285026799678e+00 1.463823639050601866e+00
5.388442947601621569e+00 1.899824451621119570e+00
4.090638165434566709e+00 2.293480903409783611e+00
3.046648071495483112e+00 2.927412893430642704e+00
3.548671992671599718e+00 2.174376581488714599e+00
3.268602023417717994e+00 1.440930665093580476e+00
4.959216899543848811e+00 2.604143392981419503e+00
3.733367361620021807e+00 2.249187427688234209e+00
6.200576648072509300e+00 2.961532804225475601e+00
8.573051315799576244e+00 1.094877173227995826e+00
1.214570519187119224e+01 1.409183107036933169e+00
4.476349812299037723e+00 2.424174596198591658e+00
3.074869806293563101e+00 2.769881692588786137e+00
4.715667044527479312e+00 1.563833017884324494e+00
3.340742947166395638e+00 1.075151730994147847e+00
4.039408471649341692e+00 1.760503077326748267e+00
4.159112903499632807e+00 2.576687661872221646e+00
4.904539890003279723e+00 1.612238217970669352e+00
5.855253017787593883e+00 2.673211230824566798e+00
3.370718263797149117e+00 2.981604055734597303e+00
6.513297630229466506e+00 2.697866428472824207e+00
3.333986457956046312e+00 1.343707105333111329e+00
3.352451308437680133e+00 1.821619722177513667e+00
4.205472323230041276e+00 2.509189254840400451e+00
3.653734832791064591e+00 2.066086641000536517e+00
3.141712973502344131e+00 1.426986275820404160e+00
3.191097333723373453e+00 2.781784970709590521e+00
1.961384052970479530e+01 1.778976678022009317e+00
3.355750472556358055e+00 1.368943500095660459e+00
4.313402416562585273e+00 1.284530410416636848e+00
3.178252892233586646e+00 2.300405124099551113e+00
4.097484690147101816e+00 2.380476451053016085e+00
3.754861941033253991e+00 2.407008911376717908e+00
4.949937504973307867e+00 1.963800761937254613e+00
9.844392519284632215e+00 2.340819434184187031e+00
1.585851414772531598e+01 2.404773459196452023e+00
5.559338121659073373e+00 1.063303372300389071e+00
4.422268664758444601e+00 1.010315718438417720e+00
5.342628873155947034e+00 2.601483450378459406e+00
3.037305776390563761e+00 2.487141512977329327e+00
4.689673982701372701e+00 2.651813151330767671e+00
6.290905172117520650e+00 1.731814848497548853e+00
3.740457643401136067e+00 2.374551613755735424e+00
8.658984216219995034e+00 2.299413185069505872e+00
3.632440689684488078e+00 2.220048060591490735e+00
3.580109147235464917e+00 2.547369003133261423e+00
3.653993368288856125e+00 2.140960309177096121e+00
3.736146915661370471e+00 1.373049605287595565e+00
3.672228578845541769e+00 1.961395823748421918e+00
4.447023402344314924e+00 2.003959576567556855e+00
4.401759757114405147e+00 2.869531722180693301e+00
6.477114404115556390e+00 1.399071933425833691e+00
4.235198855802941864e+00 1.653069839079303271e+00
5.285525131134300558e+00 2.698661661115929533e+00
5.165859719968712405e+00 1.719282808822169217e+00
3.446588744930428660e+00 2.439818613283112114e+00
3.679091514401959806e+00 2.384393058801831167e+00
4.485556454230064105e+00 2.903472834823660698e+00
3.362342019194706211e+00 2.988868059006442035e+00
3.791251307669020854e+00 2.426071387131951695e+00
5.621604789928049684e+00 2.861337191609396591e+00
4.364950689158402675e+00 2.738744875600967799e+00
1.254802757504470279e+01 2.314710550615346474e+00
3.230130185591412406e+00 1.852513773759420834e+00
3.153784644092344269e+00 1.441374982767064994e+00
3.030985481394346870e+00 2.847906150079244192e+00
5.524035633022466030e+00 2.672428904602009769e+00
3.986296294203558244e+00 1.076813485755746980e+00
3.441145020967383505e+00 2.569088166618818114e+00
7.505029835858227472e+00 1.960085978794051442e+00
4.548000506489610295e+00 2.383403127028311808e+00
3.465348917995658251e+00 2.971219757763482239e+00
3.177303626341348775e+00 2.636929971281938290e+00
1.047736816473500454e+01 1.992444692633053682e+00
3.146084579665687109e+00 1.401689127321102957e+00
3.120968366666167615e+00 2.478460207389514114e+00
1.339345923925096571e+01 1.680437200700078737e+00
1.845653074162765961e+01 1.415683476053350986e+00
3.740372808308123354e+00 1.386423224566614376e+00
4.099633722376571754e+00 2.054782193838422089e+00
3.111269235724875681e+00 2.415077521596662447e+00
1.150779882195254800e+01 2.036964784446497756e+00
6.739272765821691991e+00 2.743829480075401062e+00
3.525051661467717423e+00 2.428684495911269892e+00
4.038932717420173013e+00 2.577834077548704084e+00
3.289259860390380652e+00 1.231812159853635569e+00
4.718652701045800590e+00 2.531158026598987476e+00
3.873893663080388627e+00 2.473144905537406402e+00
4.737022473352815233e+00 2.619239585796500958e+00
3.731955011471088568e+01 2.116968937412512908e+00
8.221152817054285578e+00 2.728677072499980483e+00
3.612432403234658640e+00 1.755848033000856345e+00
1.196969325521246397e+01 2.051961387592913244e+00
6.995363114200807253e+00 1.499893733733673296e+00
3.129900817310897310e+00 2.245339261171362288e+00
3.892785952336311084e+00 2.313207897192670170e+00
6.464030923949696472e+00 2.299015935293644119e+00
3.532708613714881984e+00 2.102118928823672128e+00
3.631404747168066383e+00 2.039875634799918735e+00
3.721509833037706549e+00 2.992566926493986479e+00
3.278908506989862470e+00 2.532782069933238844e+00
3.055087489759498176e+00 2.773366868305394917e+00
3.106286244960918541e+00 1.532572753604678928e+00
3.049222020257140287e+00 2.601091128567582622e+00
6.643595307261119132e+00 2.159557093714528975e+00
7.443320942515739169e+00 2.609884836626338078e+00
5.894439522860783320e+00 1.941721774008323687e+00
3.641583559523851044e+00 2.202701906424105793e+00
3.916913072902448167e+00 1.929040547506592596e+00
4.114847366542129237e+00 1.913383760798601951e+00
3.299273291799328156e+00 1.605256784861434749e+00
7.680553512146989448e+00 1.646076281644819339e+00
6.551695932838236480e+00 2.906329123076920151e+00
6.101793565740416980e+00 2.964232005469441322e+00
3.594647809356127155e+00 2.792497439897308809e+00
4.114683582386115646e+00 2.987341921084435192e+00
4.386681093814808641e+00 2.834859387406350351e+00
4.190170907827472035e+00 2.594831063965717277e+00
1.012211344595947438e+01 2.003898728879171642e+00
3.322101009883724476e+00 1.436509595302724485e+00
1.368624956499114731e+01 2.263269819841562835e+00
6.250589525095620047e+00 2.848510127841393125e+00
3.578680643297476038e+00 2.825458889947248586e+00
3.451843001396716737e+00 2.352625039621785596e+00
3.384142512640612388e+00 2.802465024092612111e+00
3.454426730126119782e+00 2.543101609170431487e+00
5.908906459335407035e+00 2.971934682319456122e+00
1.092397165917454060e+01 2.192722444193045295e+00
3.147488566259440290e+00 2.413077373277246807e+00
4.632428222795486050e+00 2.564457820254208986e+00
3.188748975141532771e+00 2.984381257183846614e+00
3.418607723853491542e+00 1.652866272757467225e+00
1.005938840466257034e+01 2.334824484508692954e+00
6.285529094409069373e+00 2.011075209659585639e+00
4.341376310388104898e+00 1.593540896054568723e+00
3.204135361693049688e+00 1.983431752199408704e+00
3.438365702557988790e+00 2.163876548307362313e+00
8.110364481457571273e+00 2.401091982775476197e+00
5.936859173398856271e+00 1.943031443432852168e+00
4.783365990851154770e+00 1.317657865885671464e+00
8.318730793277589797e+00 1.695746894633018753e+00
4.864442967092188042e+00 2.444677218838683608e+00
3.988486899688063581e+00 2.832417076187747629e+00
4.225473093900099286e+00 2.509476968030091903e+00
3.692785242972413062e+00 2.664238007939219610e+00
3.401295788507610496e+00 2.380492431185338376e+00
6.473410156018784889e+00 2.915146721993752355e+00
5.427799294632075444e+00 2.945484876973040400e+00
3.816844296129138669e+00 2.602723416919008770e+00
4.975037250083419238e+00 1.589325314641211628e+00
7.730778438702108346e+00 1.687620863838198870e+00
3.323162740549882699e+00 2.349180162967082985e+00
4.786038723864966649e+00 1.655158057281997941e+00
3.202704663261751072e+00 2.547433817464038075e+00
4.719184262519098283e+00 2.693308422265396018e+00
4.411979111852788016e+00 2.807853706349892509e+00
4.087572882626808735e+00 1.674641909718299182e+00
7.167050311444419286e+00 2.128406470032138564e+00
5.432584465208263325e+00 2.799628715162361559e+00
5.033649625277325512e+00 1.692817721736163739e+00
7.786750360552018080e+00 2.407867460538267501e+00
3.774923294313722533e+00 2.841367919306074352e+00
5.007855401556891017e+00 2.516241048872528641e+00
3.719745579853498185e+00 1.116193674249133849e+00
1.609559207195827568e+01 2.779863482413484910e+00
4.194079257116067438e+00 2.235620644486151498e+00
3.062600765997019359e+00 2.927557405089005194e+00
1.057577363373515134e+01 2.810062231250740616e+00
6.166219012017645440e+00 2.492143412450828599e+00
3.811307296686541335e+00 2.808803205216507060e+00
6.958465518339019162e+00 2.830994363724504748e+00
4.687121023842246714e+00 2.369179230715220186e+00
3.769051465223594022e+00 1.305282607995981170e+00
1.041412405916342543e+01 1.900049502163617010e+00
8.522313651097377374e+00 1.396127201177207899e+00
9.089755118378455734e+00 2.210114366054509283e+00
5.929928478647284784e+00 1.959907927592341226e+00
4.177533428734312437e+00 2.353973507395950904e+00
4.721916797478024286e+00 2.903883581491923938e+00
8.958950595334554734e+00 2.685971150564174792e+00
5.066538821683861826e+00 2.683459387675994456e+00
3.315547436652089175e+00 2.680714689172465803e+00
5.025095656036306480e+00 1.990956677674440511e+00
5.559613888898869760e+00 2.892504308282647152e+00
4.967215198144689481e+00 1.196259649493517596e+00
3.030067997394166657e+00 2.843577247611142056e+00
3.281616456986165442e+00 2.914217508039046223e+00
6.178663892316986761e+00 1.421917739291769234e+00
3.234274697053042491e+00 2.696309660399329289e+00
4.894607708381544242e+00 1.969514676185314395e+00
3.244781888880903686e+00 1.594323594494126084e+00
8.973975498435097009e+00 2.935000727667510745e+00
5.760460298467060980e+00 1.950846296177933592e+00
9.525265452532540422e+00 2.886334719904446899e+00
3.234079475067495046e+00 2.103364548800124467e+00
3.993088381123792274e+00 2.043648096934970848e+00
3.253310836385955973e+00 1.729696917026785519e+00
3.394658097906777972e+00 2.141221003872664674e+00
4.147711520056066803e+00 2.947468989160648700e+00
5.691164959364179765e+00 2.579614487185764471e+00
3.388473048603558802e+00 2.884109396499818345e+00
5.019737087093422367e+00 1.792143671308371378e+00
3.687731230625444390e+00 2.397930778064974788e+00
5.417570920291496783e+00 1.435218983485773814e+00
4.144440122824463835e+00 2.203210196301721879e+00
3.885038564892373980e+00 2.971721579736891883e+00
4.556783528067491318e+00 1.939821982116948229e+00
5.193213241293706872e+00 2.488653556023940894e+00
3.830024294285637065e+00 2.695993099246300595e+00
3.264168553750923518e+00 2.794970891264177304e+00
3.048344514447418163e+00 2.233349792445918691e+00
7.147824799156981435e+00 2.617989368943847595e+00
6.390603751783125119e+00 1.930950407824597370e+00
3.242740612573340009e+00 1.094976967844706106e+00
3.216510476762430404e+00 2.660789699129399999e+00
3.625331529407862963e+00 1.886568336355161080e+00
3.269662880367524060e+00 1.788279397878528298e+00
3.690362327810877030e+00 1.402002289776852928e+00
4.431245012567506691e+00 2.707656932864166421e+00
4.068118093816760705e+00 1.658080027148354008e+00
5.934744325842332913e+00 1.099675132665880239e+00
5.907797185731452849e+00 1.572533768077323924e+00
3.280019184738424354e+00 2.391379991359484425e+00
3.004993926329233567e+00 2.050205063230674529e+00
4.296833743973386355e+00 2.885052506268370731e+00
1.997571195443092762e+01 1.300165091373699955e+00
1.028080810361745456e+01 2.862232119294041421e+00
6.174946675209117330e+00 2.551218095066020375e+00
3.301257734545328670e+00 2.696650016699647878e+00
4.571565812473790125e+00 1.465448989712863970e+00
3.897037445665161748e+00 1.183124259198889527e+00
4.445764526875475298e+00 1.985844363043401062e+00
3.793546458928278575e+00 2.547356377170669983e+00
3.658226499654229080e+00 2.302212400953618676e+00
5.827959946304546612e+00 1.826794798348677196e+00
4.112237077447351119e+00 2.355853459234909408e+00
5.108500509340476725e+00 2.173747150272385298e+00
3.215611213339077956e+00 1.523897319125132821e+00
3.161590798103011135e+00 2.453734319579842893e+00
3.593326809105117814e+00 2.129555748668160220e+00
4.177076544098720312e+00 2.906483727807228412e+00
4.444952446177593330e+00 2.763418034101378318e+00
4.848164816295365220e+00 2.502945369569217426e+00
4.448101549339392058e+00 2.784723007555045093e+00
7.271179795414353109e+00 1.988575422112216273e+00
4.321193612502630899e+00 2.503234160401668351e+00
3.864394296631803449e+00 2.475929639181673636e+00
4.149608438362069052e+00 2.155359452660666975e+00
4.662852211457217955e+00 1.251994129835304559e+00
1.022716799190885695e+01 1.029648687436246268e+00
1.342448257966222869e+01 1.744393692128954676e+00
3.230578811668839645e+00 2.810749163518988958e+00
1.472070348147356889e+01 1.074047846375430826e+00
3.001416375387108815e+00 2.753544403813808827e+00
3.673068759054524790e+00 2.410985928977336101e+00
3.031997050917967229e+00 2.683357217442906784e+00
3.262528233747608919e+00 2.659505704057357534e+00
6.585563638348363114e+00 2.129480291751079335e+00
3.348798309068973467e+00 2.252670678438170704e+00
3.001418174888828005e+00 2.741555603697476418e+00
3.861577206506891180e+00 1.779496929282207596e+00
3.587583403041913144e+00 2.139508633229362466e+00
4.779735854958477859e+00 2.871591171905611084e+00
3.373315083578344975e+00 2.912584717874871387e+00
6.914869733637962312e+00 2.035621796440643561e+00
4.305041061965339644e+00 2.767014475725461331e+00
3.984136210629407593e+00 2.953799409626419070e+00
7.653604011219359293e+00 2.099084844833130958e+00
3.272422969443524288e+00 1.074082772576760769e+00
3.978686646898681900e+00 1.614661731851365190e+00
4.669204040044899529e+00 1.639574582732768127e+00
1.211845083984078997e+01 2.181226425830109505e+00
3.171528794832219056e+00 1.788604981033446339e+00
4.409565762291367541e+00 2.998498557466914960e+00
3.012457617763941720e+00 1.378418049537201595e+00
3.002733445342741003e+00 2.572123147572065172e+00
4.658414868088377681e+00 1.781420777298132974e+00
5.070006605880129413e+00 1.775957531307633896e+00
6.159099863211549675e+00 2.915882840785337216e+00
3.736274406311457241e+00 1.866602260083091380e+00
3.239262263941617981e+00 1.824597649995766568e+00
5.136287759340936176e+00 2.989982453618576397e+00
4.988486386358685465e+00 2.475990754650928771e+00
6.985469852173085137e+00 1.116283417475049555e+00
1.066126316786259309e+01 2.803431327231326264e+00
6.515876402805386824e+00 2.434560195488607359e+00
3.124833524257068618e+00 2.400861734164461581e+00
7.281783305926364136e+00 1.904933018326907757e+00
3.099127887254811142e+00 2.361990255387420579e+00
1.235427888343432556e+01 2.478686249065715330e+00
5.433327416937906662e+00 2.743634870024886929e+00
9.304498523122026299e+00 1.935620322674641347e+00
3.658804735266136809e+00 1.364916189853593753e+00
4.340658774493677541e+00 1.578266851760002920e+00
5.143563046147699325e+00 1.228430648866364772e+00
3.980285318377043247e+00 2.314962950055761137e+00
3.332940912029535241e+00 1.738222519378734399e+00
7.082127702354721777e+00 1.406439071130728191e+00
8.115013151523632118e+00 2.959581998540444570e+00
8.926684077248310700e+00 2.744500480937566156e+00
5.833808497758725231e+00 2.058632749482187663e+00
3.264120250953850721e+00 1.685320158977088090e+00
3.175707456353954683e+00 2.698789388104388287e+00
3.290971946298928863e+00 1.536682885897815432e+00
4.913226069445917332e+00 2.712524359067885804e+00
3.452062281117625808e+00 2.846107109754429487e+00
4.295593237037334866e+00 2.239480152980040550e+00
4.091280515238391757e+00 2.538066705665096734e+00
3.536021063236775674e+00 1.289067390042461847e+00
5.490118006756113722e+00 2.835757676433394714e+00
4.227673172419250669e+00 2.353374786788624995e+00
4.213466656623326756e+00 2.880673152597669429e+00
3.713435729520999651e+00 2.523910233582975060e+00
3.411008761834050773e+00 2.960581533065364201e+00
3.686348784406087375e+00 2.891217498585946899e+00
3.503471638352639861e+00 2.282005720044504749e+00
3.671838653843252143e+00 2.194371289134708025e+00
3.182137439947140933e+00 2.733721203820096868e+00
3.347231294261942658e+00 2.652645335039645502e+00
3.574269964640437891e+00 2.625927658440368795e+00
3.207334193079241835e+00 1.753954051154248628e+00
7.414277657105460939e+00 2.120229729322254286e+00
7.010737704927823444e+00 2.164411489358102791e+00
7.839496524377588038e+00 1.581089129351555211e+00
3.053374066204145976e+00 2.865242632797421862e+00
7.508118988520772419e+00 1.505118384491931582e+00
7.000953560911861828e+00 2.018986579704298734e+00
3.069653127939584003e+00 2.460328935740719203e+00
3.131157633082010339e+00 1.965989610590915149e+00
4.495705918114108357e+00 2.974055559892490486e+00
5.054604478691999248e+00 1.879290470760994980e+00
3.629230444296145386e+00 1.687401982760263985e+00
4.953257866693785871e+00 2.674596955388155450e+00
9.865755329749166691e+00 2.596935658747869802e+00
3.835360951828371778e+00 2.463152071203456472e+00
3.728362728827578465e+00 2.375144728430019114e+00
3.097973307489543693e+00 1.996293902371494067e+00
3.031861849887050653e+00 2.089498030129494310e+00
4.595235751830072601e+00 1.052128324522421776e+00
3.371134381435480165e+00 2.004960134768665192e+00
7.490658148345522349e+00 1.937376602001285697e+00
3.486552781806600443e+00 2.556742345752319068e+00
7.805426462910411090e+00 2.997414088468074667e+00
3.163874464169494694e+00 1.482763247334560663e+00
3.291689128859913716e+00 2.747720707209887259e+00
4.115434301408596340e+00 2.321279074106591622e+00
7.151279414510979038e+00 2.818719757242567958e+00
3.039557835780683170e+00 1.716574656384065811e+00
3.961858880319780951e+00 2.239477325116671746e+00
3.451673734080990208e+00 1.916333387495140927e+00
5.113218736309320001e+00 1.269520922894124881e+00
4.618522849396677898e+00 2.329948980817551085e+00
1.180149729672511683e+01 2.918616741569438400e+00
3.766804156188755304e+00 2.405144222577713986e+00
3.398914696446375672e+00 1.021706004234481213e+00
5.916969148865891093e+00 1.402020966547436354e+00
3.424432477741620851e+00 2.504595577282434871e+00
2.157756471220877614e+01 1.456676606729806922e+00
4.785213797785544010e+00 2.705314566280847099e+00
4.114804002686779150e+00 1.134010210058037371e+00
3.232304206468731067e+00 2.676510802448447635e+00
7.570397097091802863e+00 2.420699407470249476e+00
8.554460465766251076e+00 2.479355148930832975e+00
5.194212180776554000e+00 1.789406979713841439e+00
4.124982611384599096e+00 2.463075883597520832e+00
4.284850271822753243e+00 2.503406847405391655e+00
4.426067265801335360e+00 1.902027183887457396e+00
3.034004836930003446e+00 2.939582423885114260e+00
4.922343382817681245e+00 2.327543268828448753e+00
7.407720551782302820e+00 1.722319067449958219e+00
1.820690914816410100e+01 2.734294627999464211e+00
4.538562741969659697e+00 2.584955677124588291e+00
4.927625817557825805e+00 2.987042611678509374e+00
3.022135941998056019e+00 1.677604179258742390e+00
5.292693875067825182e+00 2.862195333265857400e+00
5.009954966653175745e+00 1.858377051471805430e+00
3.587231249333832750e+00 2.027485179177072716e+00
6.361071552635687354e+00 2.212447655008081604e+00
1.023034321909394961e+01 1.460812206516493017e+00
3.107854184139171583e+00 2.469569573178318489e+00
4.153803114368288973e+00 2.917103990832701221e+00
5.321450367049035179e+00 2.092277096605400288e+00
3.467644021601211435e+00 2.545897396403425716e+00
2.121951560048600882e+01 2.812785948797312585e+00
3.155311217252335876e+00 2.275966130009020372e+00
5.149420114848049401e+00 1.745942770452733273e+00
9.339982946074812276e+00 2.986584432671684830e+00
7.825523107265057732e+00 1.443692867032329241e+00
4.325970619816767559e+00 2.121192029097576537e+00
4.334789972602872687e+00 1.998366027490522612e+00
6.957049157177575438e+00 1.202815775916823871e+00
6.451749779375482774e+00 1.825211708219520945e+00
6.778841058110907980e+00 2.890998829334967546e+00
5.720898197359742809e+00 1.553686514548263675e+00
3.295435997565669517e+00 1.859840702491907027e+00
1.009531614490189533e+01 2.833791444527604675e+00
4.276676440605870155e+00 1.883646030111087999e+00
4.100414327656181968e+00 2.660032946567611134e+00
3.936438139033059169e+00 2.013304654918576020e+00
3.422961421387708647e+00 1.965922621236667611e+00
5.412252644140300717e+00 1.376213456616327546e+00
6.350216744129934199e+00 1.412512684607741376e+00
5.464681059048732692e+00 1.786883886907511432e+00
3.627848307831231356e+00 2.777859104632462106e+00
3.341693573736946643e+00 1.371008017717101124e+00
4.773930218826121674e+00 2.834215293075033504e+00
6.033405930538576101e+00 2.742700649122727263e+00
4.294818435310869376e+00 1.265380924581232192e+00
3.510515129440363591e+00 1.422664603717020970e+00
1.745278737396373003e+01 2.904444009291357265e+00
4.079766076150485254e+00 1.739550356384907293e+00
3.671713613317326708e+00 1.867354304733076731e+00
5.013416106281594509e+00 2.551006834158455305e+00
6.538891875334341464e+00 1.436344840797462608e+00
4.439307092992883952e+00 2.482115624095283302e+00
3.652174323919224364e+00 1.240810785446644138e+00
3.648677453090285461e+00 2.761235939275667128e+00
3.091487524435864831e+00 2.680550061178806232e+00
6.246887271404567343e+00 2.728542246952901706e+00
5.286509898206926295e+00 2.442596963680585986e+00
2.191825158745936619e+01 1.168210482115103810e+00
3.794109826453933021e+00 1.869830634649688683e+00
6.285130348458817906e+00 2.395639432973116989e+00
3.607736823943150206e+00 2.812985056978517306e+00
3.735419881070463077e+00 1.677719834154235423e+00
3.676272398691703636e+00 2.573749311675797014e+00
1.556341566847779134e+01 2.408476265458114440e+00
7.915653984707411439e+00 2.284324184439651795e+00
3.530543681288281554e+00 2.719944940354642071e+00
3.684120766333480734e+00 1.510955580284600197e+00
5.906830382482556097e+00 2.732986551656140684e+00
2.122888760983240886e+01 1.783594527001062469e+00
3.732932738626564273e+00 2.951990696886058974e+00
3.352269463499265800e+00 1.048584004792103785e+00
6.202009569686678603e+00 1.516279025024393157e+00
3.087669106059466095e+00 1.089627730365605451e+00
6.085232624217244535e+00 2.443768998054282271e+00
3.524018012273485656e+00 2.574845789803109852e+00
3.825342584710181626e+00 2.549641894905378070e+00
4.221341027011207281e+00 1.249429705659713230e+00
6.125033594310494323e+00 2.677182911207857341e+00
8.529159053905978283e+00 2.792579334449751371e+00
3.372125702893088217e+00 1.551090614315866034e+00
4.141210241608183296e+00 2.559601228075241153e+00
4.201024669811501688e+00 2.078271578654123708e+00
1.018181071297356333e+01 2.367638004157795351e+00
8.445789196566829915e+00 2.983798302998536656e+00
3.356061591810109768e+00 2.348839287514451257e+00
4.720880659967495951e+00 1.239242674326906268e+00
3.577617449115977344e+00 2.301009401122081854e+00
4.790749038355280653e+00 2.377761816131810590e+00
3.754052741823796779e+00 2.532462870943084088e+00
4.704197487241800424e+00 2.785053321788009573e+00
5.385055966528410565e+00 2.505991090133209198e+00
3.452826842791661299e+00 2.632970135102258968e+00
5.007890072923319558e+00 2.972267635906617578e+00
3.092429627891182697e+00 2.955096010432240128e+00
1.415893300144296774e+01 2.985891754866447201e+00
4.154089979030951341e+00 1.729898440361323342e+00
3.610591362478418720e+00 2.221934507400527892e+00
1.044144161094729029e+01 1.053283324849100255e+00
3.669376019913105580e+00 1.488954963252741903e+00
4.793138284308619212e+00 1.972258368456456967e+00
3.896408067615274362e+00 1.501466696317798499e+00
5.880846716886813930e+00 2.033357342385334832e+00
4.191432789789939051e+00 2.487001830732602059e+00
3.024469885634099242e+00 2.707421527355486024e+00
3.048484919653848824e+00 1.095833450034648937e+00
3.014538516079707353e+00 2.557673911069292760e+00
3.876837247174584888e+00 2.497662057056083906e+00
4.293950568345491270e+00 1.447677552196876549e+00
3.465204159754259550e+00 2.057383008925203427e+00
1.726395139714791682e+01 1.042639383901369010e+00
1.098157440491463710e+01 2.185724451682073521e+00
4.333183927086017739e+00 2.179832936006505406e+00
1.014800610301168682e+01 2.005045199105181197e+00
