4.657056043287640890e+00 2.372156846486713544e+00
4.189718519293642629e+01 2.649967742615019439e+00
3.144784210161996718e+00 2.013394102417262133e+00
3.266847353273175436e+00 1.402109106794812154e+00
3.719376399283937040e+00 2.553273144260830296e+00
3.390365089077787886e+00 2.786316396990846656e+00
6.288539780339656105e+00 2.925387321074852665e+00
9.253453189764384135e+00 1.987861463503208581e+00
3.739284857442635168e+00 2.353526263341470859e+00
3.971190743938222134e+00 2.563261750210301670e+00
1.158656051422137523e+01 2.864332503696846111e+00
3.908938551380957804e+00 1.768448764661373129e+00
3.924489979058879197e+00 1.013201684761338095e+00
3.783918197246013637e+00 2.889677771703398790e+00
7.552912255297076882e+00 2.465542836967218321e+00
4.446899307314605920e+00 2.257918353743930684e+00
6.180909938953895733e+00 2.996129733870995793e+00
4.637411263815992335e+00 2.863321274536608563e+00
3.565915957700943828e+00 1.540752138846375408e+00
4.151544263852269268e+00 2.599712110030590662e+00
3.014004237487332816e+00 2.816782280857590415e+00
3.557765980378399640e+00 2.966222186287596152e+00
1.392809665274242192e+01 1.743597184605978345e+00
7.720449333487954036e+00 1.775683647897044137e+00
3.607906011794471901e+00 2.680894741425613681e+00
3.340777315047202656e+00 2.982866108424326868e+00
4.208620232286905072e+00 2.604821506428112166e+00
6.495681352832448852e+00 2.355456586708801758e+00
3.531303926096511336e+00 1.760576052636713129e+00
6.522393042185753664e+00 2.297851728469221033e+00
3.362484733902577183e+00 2.855400328607264449e+00
3.160763755126116070e+00 2.388531221382486525e+00
3.026267967977130269e+00 1.900467067245328545e+00
6.369777736543647428e+00 1.824101434818111267e+00
3.549698930209884917e+00 2.555506818331951813e+00
3.435283613544570791e+00 1.742381222652678696e+00
1.110785403539225236e+01 1.520363790330588882e+00
7.392871344667202749e+00 1.245681544833303178e+00
4.093405690260013330e+00 2.790354950552436541e+00
4.499059182992645844e+00 2.473363818214004084e+00
4.867131917140609332e+00 2.749717786293930821e+00
5.565353593546074507e+00 2.003292323806473263e+00
3.800170154744443529e+00 2.846351179339197124e+00
3.519095376294396615e+00 1.635091199275535923e+00
3.037719680201329986e+00 2.321525112226583865e+00
4.895121281210018438e+00 2.976152228593940130e+00
4.852600035987680194e+00 1.865754750618457525e+00
4.513865384259681868e+00 1.373486298207396539e+00
4.354322425033245736e+00 2.802895297276214670e+00
3.962622170521790999e+00 2.428296395057063517e+00
5.323145966009007424e+01 2.591336956286446558e+00
4.051909285632969926e+00 2.520986117953007977e+00
6.465178339610076819e+00 1.584156555105118880e+00
4.244628130215293282e+00 2.784608900918906116e+00
7.497790202357380807e+00 1.619249500533670005e+00
5.025368079570331048e+00 2.256949263680127604e+00
4.116410666739413138e+00 2.142369809829833827e+00
5.610308281438874722e+00 1.733053471126860590e+00
3.601839741832676189e+00 1.399368563603376137e+00
3.234701909794371666e+00 2.420852867915961326e+00
3.624210944228196674e+00 2.078789031322914482e+00
6.756155696556889190e+00 1.781687979218962381e+00
3.547672437592600758e+00 2.374251395128988307e+00
3.192692302909453161e+00 1.124851968488501441e+00
5.225116482507597304e+00 1.138318383611535145e+00
3.757848698107678853e+00 2.735524700149750466e+00
3.699392632339723708e+00 2.194879146372124001e+00
3.397778145873775912e+00 2.620826403495605028e+00
3.943195591936857092e+00 1.370024434326037932e+00
3.267581617185665976e+00 2.378748425014216572e+00
5.152208356243152210e+00 1.566987366737470966e+00
3.423796080148546750e+00 1.751080871767048297e+00
5.907585544458587634e+00 2.565591799861886457e+00
3.874380449914515800e+00 2.340178990540104031e+00
3.460648759197653135e+00 2.644105194363877587e+00
6.934890187086100610e+00 2.815553734788895035e+00
4.219424183773369919e+00 1.043691164922271319e+00
6.593988294286464047e+00 1.486321153981214005e+00
1.069786803665135722e+01 1.792796571049571019e+00
3.660432405151061275e+00 1.479547548330147011e+00
3.385358031351550334e+00 2.078642650899045208e+00
3.622039645044302425e+00 1.083262630813569105e+00
3.836509579396427227e+00 2.118051695076381691e+00
5.106107804256903471e+00 1.734958250299511784e+00
3.058241597849484350e+00 2.742322302725668681e+00
5.786022873296545299e+00 1.193527497471042587e+00
9.002734992639608080e+00 1.068119222488359998e+00
4.963105581448894910e+00 1.775619920935004981e+00
3.225891517900116412e+00 2.940458150991298147e+00
6.588564665820716648e+00 2.804709367453217972e+00
3.541786948565132764e+00 1.636174509927546206e+00
6.004006141266531316e+00 1.851099055547878347e+00
4.181732055665589698e+00 2.177337155553522585e+00
3.008114811462478944e+00 2.211063601154989122e+00
3.281840993541192297e+00 1.306580406200974931e+00
6.606464750451571888e+00 2.784263624578643181e+00
3.089115157354171082e+00 2.718619525654001556e+00
3.702933588221928307e+00 1.879352256488181050e+00
4.798407435474381977e+00 1.970072612934320899e+00
4.643908785383011661e+00 2.368056292327930912e+00
3.035052099445398888e+00 2.888817303749200427e+00
1.378355308971453397e+01 1.322373702677797080e+00
3.367914633686750925e+00 1.585556777353779978e+00
3.465448617759055772e+00 1.537049909950816806e+00
4.651130245350715953e+00 2.720855035405070677e+00
3.010229523453666900e+00 1.457906717953958209e+00
3.896366038616567717e+00 2.679152034489169498e+00
3.023385102354366083e+00 2.051477716472064117e+00
3.349263400156552883e+00 1.975364886320791546e+00
3.257562369497256860e+00 1.122640134032755421e+00
4.237509163038176929e+00 2.671828891575641851e+00
4.626333754151481514e+00 1.738701992096566951e+00
3.156912804429653718e+00 2.584277237275966588e+00
7.174504504694088958e+00 2.753583364403747957e+00
1.018879564591739140e+01 1.749894326898850716e+00
3.860175110075615645e+00 2.422837611494863985e+00
3.338532164580968686e+00 2.789560885224393605e+00
5.091685571839668967e+00 2.899422699730372699e+00
3.874988727798159616e+00 2.591449932048665694e+00
7.200487070294146363e+00 2.123337007105736696e+00
3.386576421425250061e+00 2.862505496839704122e+00
3.109155851956271199e+00 1.815849561474964347e+00
8.522861685283899646e+00 2.586243047109324955e+00
5.297417170869462844e+00 2.675582589209811069e+00
4.202778913662267968e+00 2.420705104690290099e+00
9.126606437758127299e+00 2.387245196241762901e+00
5.648173686848528163e+00 2.587892040359887069e+00
5.201375980403453170e+00 1.768778470768320954e+00
3.569075140366628318e+00 2.694402591860964868e+00
3.361503974259357541e+00 1.232488086648928727e+00
7.098709618271181299e+00 2.337389509660454223e+00
8.528427975793679394e+00 2.938037897227112616e+00
6.061252938339182883e+00 1.945539961830261788e+00
3.142854151955420061e+00 2.760162406064716301e+00
3.395947644060455239e+00 1.457143210019889334e+00
3.635024541955471200e+00 2.916521534502884982e+00
4.077977354946487054e+00 2.306786526489585931e+00
1.372040248577082089e+01 2.868432638789324862e+00
7.897805034641832478e+00 2.329260377311264563e+00
3.906390328625739983e+00 1.811365854747742921e+00
3.295163980149866667e+00 1.107763715619986433e+00
4.375288567383289084e+00 2.947907324274305907e+00
5.957046775173123088e+00 2.676523925353028854e+00
5.485326745791735625e+00 2.517415496287523702e+00
4.921186608939688512e+00 1.953843994761765401e+00
3.197447932392378789e+00 2.741165187526137359e+00
3.784097718443757863e+00 2.939252017940919615e+00
3.860409704306817069e+00 1.956114753595022959e+00
6.739825836638833501e+00 2.953088148308044669e+00
9.506181919505419131e+00 1.865426180538232614e+00
3.504570800531018548e+00 2.843852450395561782e+00
3.491322656760259768e+00 1.963426231335517302e+00
3.264962507296173655e+00 2.812840351544806161e+00
4.205109215054481098e+00 1.803247297458756782e+00
3.957466100972089063e+00 2.149582958999397331e+00
5.172664407562912459e+00 1.739667538261178148e+00
3.072160346553817423e+00 2.452136499575009676e+00
5.180742707649277357e+00 1.514066641957465986e+00
3.115842760946285317e+00 2.662860905423547031e+00
3.419541849514693421e+00 2.408443749951149293e+00
3.908068282696078199e+00 2.644767504775209055e+00
3.390198259851105345e+00 1.841334494341871686e+00
3.797150355002230082e+00 2.844600399299791249e+00
4.591155890793896077e+00 2.591647602502499481e+00
3.378508101206406877e+00 1.951990931329995238e+00
4.134606109921487693e+00 2.486955178790438481e+00
4.042877366185727794e+00 2.227578567217900485e+00
4.079003971110917171e+00 1.792365871334536287e+00
4.329389984699389515e+00 2.512865203372954159e+00
3.608156453125215712e+00 2.919187882582779281e+00
4.781340114484184944e+00 1.662361973051396768e+00
4.214595988683790928e+00 2.123871131277986546e+00
4.178481745539965431e+00 1.967853891732108673e+00
5.720309572404337572e+00 2.705251953469984372e+00
3.044849983371245905e+00 2.610101054192520920e+00
3.114914056604663806e+00 1.976911784558326834e+00
6.042322790507336450e+00 2.914223030793307245e+00
3.330840101804697806e+00 1.499756537462084038e+00
4.039957087087504561e+00 2.828408836394462611e+00
3.927027561282962154e+00 2.024921497482509380e+00
4.190774023501224299e+00 2.767166183624054199e+00
3.170163987154302809e+00 1.047095891890756025e+00
4.570011455607830619e+00 2.303324138560546963e+00
6.285406941184644936e+00 2.978288595339220635e+00
3.761111991530589727e+00 1.670283463028520599e+00
1.047994231710713109e+01 1.735628834779102903e+00
3.154610527822171662e+00 2.639684878570961679e+00
3.270321270168075500e+00 2.592769793267868383e+00
4.710315412353435427e+00 2.968253384279318841e+00
3.580128197643592802e+00 2.592922393310525653e+00
3.774516547288594204e+00 2.700804049918079208e+00
3.032313867464329959e+00 2.227708067612543363e+00
3.258971810779009992e+00 1.443840774716272479e+00
8.305102438316591673e+00 2.255374511357586265e+00
3.152300017452153824e+00 2.703890992227648393e+00
9.508961431863454550e+00 2.906776869374676942e+00
4.348149638951564810e+00 1.054573382624248268e+00
3.176348695786903598e+00 2.784135316827270223e+00
3.202882605931695270e+00 2.547972760855077290e+00
3.670305961576324716e+00 2.142774427091210576e+00
3.689873000728740138e+00 1.577269354397399459e+00
6.624126221537507853e+00 2.134251027867327899e+00
3.142293603694941595e+00 1.795957993729919933e+00
3.706802062291566280e+00 1.354076906298044003e+00
4.945600306841092753e+00 2.645010057512723112e+00
5.700884621632089200e+00 2.694897743938635237e+00
3.559011477120062050e+00 1.953905642861972547e+00
3.833215290730155544e+00 2.703171573998097710e+00
4.579138041289680494e+00 1.498332857277054009e+00
3.649429991427734166e+00 2.736856861028741594e+00
3.469111661757277254e+00 2.332987714563048876e+00
3.793648759532964654e+00 2.535407307024854617e+00
3.662583304481014324e+00 1.372837198175617557e+00
6.281640969338506686e+00 2.424898891313606253e+00
5.722628699276524955e+00 2.422534420589334658e+00
3.402203918837557239e+00 1.929137797290430667e+00
3.081802570342841996e+00 2.970562091562234386e+00
3.175287021591390868e+00 1.963051135363184319e+00
3.985692064541587420e+00 1.977335675192947395e+00
6.557609955601042095e+00 2.501263243462404695e+00
3.632293446505031831e+00 2.099911027884910464e+00
3.106265968517650577e+00 1.600109810505396357e+00
3.518234328629788354e+00 1.906377170260169063e+00
6.889280896443965574e+00 2.103415996842587177e+00
4.645117118982552640e+00 2.286435681476991277e+00
5.159995447627145460e+00 2.441771122640913561e+00
6.217473910857911790e+00 2.768877569932071125e+00
8.912931981456440056e+00 1.721409839252652674e+00
3.982177502225916932e+00 2.654197308838157632e+00
8.449649718198681825e+00 2.814831414478352833e+00
3.235693975583202597e+00 1.565397024096245149e+00
4.392978280586905093e+00 1.860583489991608275e+00
6.424695722056284808e+00 2.940447781823943174e+00
3.101564268908700406e+00 1.839826725177984734e+00
4.011339901984024792e+00 1.822225208545014352e+00
3.103469246553347993e+00 2.459355384957941482e+00
3.080723454643281123e+00 2.852885081771779241e+00
6.862786582365914434e+00 2.382915154045909478e+00
3.087499053002382254e+00 2.288659346592126553e+00
3.179898992933468005e+00 1.787082195200330847e+00
3.901065576574535676e+00 1.879170188030216959e+00
3.741983613012035637e+00 2.453290847217343806e+00
3.242658881551323091e+00 2.823733449274905993e+00
1.670257623569521854e+01 1.981231105729033937e+00
3.914589502450255054e+00 2.950368534770527074e+00
6.553189771188415946e+00 2.956812273273192737e+00
9.290650605954102303e+00 2.031613706430449806e+00
5.897260049814699201e+00 2.467909310835929126e+00
4.576248451284445906e+00 1.925885496713778400e+00
3.686347226988691439e+00 2.982034354576039270e+00
6.813932328902490454e+00 1.992780576751078003e+00
5.176794537447774402e+00 2.660630559053808852e+00
4.975492103293941426e+00 2.001603516495513713e+00
6.548858379361922388e+00 2.617910065509613027e+00
4.416711658102629556e+00 2.876427283477510866e+00
3.682947698323387975e+00 2.142810751903048150e+00
3.291351618577788685e+00 2.767132968047262942e+00
3.099539649732397706e+00 2.549479150257696780e+00
3.760722550587253465e+00 2.454465433574056554e+00
4.756726290050374395e+00 1.930924992012073682e+00
4.268884401533711070e+00 1.014921198843228511e+00
5.181172890761235550e+00 1.994881593054303570e+00
4.379466427686169894e+00 1.921831464726278860e+00
3.892909001645072031e+00 2.338781854803831717e+00
4.851148432432484725e+00 1.886675830683824495e+00
6.060379244614786387e+00 2.686385670164561645e+00
3.938539399440605493e+00 2.086068080429241078e+00
5.568673260115664547e+00 2.524069542534495447e+00
3.217861926594747679e+00 1.919111587151878018e+00
3.069004355851959520e+00 2.201630984654679768e+00
7.211586059102694790e+00 2.508329976019473939e+00
5.556079057264564192e+00 1.605870478017956682e+00
4.330205198675967537e+00 1.675849447000825831e+00
3.267295573967826883e+00 2.703629902563744913e+00
5.609841043055369347e+00 2.893084220379634086e+00
3.152280130983107220e+00 1.762273238239000506e+00
7.537558195580471576e+00 1.647640869885761195e+00
6.729801504672811241e+00 2.937588404521421115e+00
3.565451634914260204e+00 2.665592388568881255e+00
4.793714874943493243e+00 2.413699457360802825e+00
9.002739583917291455e+00 2.429053105664585210e+00
5.866333132046226417e+00 2.154296775202639402e+00
4.617653850924476444e+00 2.374259788504820889e+00
5.364919524737748802e+00 1.746992334168187444e+00
6.469635476358684301e+00 1.514731581249913805e+00
3.599914095852185802e+00 2.989554257417490923e+00
3.377437595478187227e+00 1.095745940723522827e+00
3.306166326342760975e+00 2.733723139549423475e+00
3.074163326846043542e+00 1.229771587732067184e+00
7.299794799283622737e+00 1.776810960200094991e+00
4.539825987467492219e+00 1.443251307852679632e+00
3.606267984571779550e+00 2.880448229267612348e+00
4.156110724277780832e+00 2.994179031996934803e+00
6.299489684984516558e+00 1.299533508847628527e+00
4.137663176575565593e+00 2.097800946344022144e+00
3.532402047859320771e+00 2.308990202925184310e+00
6.466203609770080796e+00 1.509474325021813002e+00
4.908744993348957308e+00 2.575142001529049374e+00
3.660973093856517924e+00 1.860167098937851149e+00
3.212695962709753772e+00 1.675759736299643032e+00
6.295235980416725496e+00 1.640005723005621308e+00
8.305942318156487758e+00 2.418204722160753661e+00
3.132542272786416504e+00 2.347109722279633992e+00
3.591864599948991099e+00 1.941442255379734583e+00
3.902939626801465334e+00 1.582524735721451359e+00
4.830936836140089952e+00 1.724720084762323413e+00
3.946176613531700461e+00 2.817102439163444050e+00
8.207318558118345209e+00 1.327494889289252189e+00
4.384732918949392655e+00 1.052079776998198435e+00
5.886910679230060062e+00 1.507391482308595654e+00
4.698749172243420702e+00 2.879107442373361359e+00
3.457146126505818096e+00 1.005665246552631009e+00
3.931646368989303753e+00 2.347276552603237754e+00
4.571804352946460703e+00 2.480338013750085224e+00
4.094947625185510809e+00 2.820647834714145930e+00
5.756879958508751116e+00 1.174321166941111549e+00
6.763842422259509490e+00 1.228048247891061484e+00
4.941380640987382833e+00 2.292398664377640394e+00
6.284236165146076303e+00 2.875791399482545252e+00
3.081309441465442056e+00 2.130271818371868520e+00
4.842574137568139037e+00 2.891291140113903868e+00
3.659864179419005215e+00 2.233858766079353408e+00
3.780953713385905690e+00 2.077019222724889147e+00
4.109661279144502188e+00 1.952544338914873556e+00
4.589038035086736578e+00 1.694931477656965946e+00
3.716667688971021288e+00 1.853397020872525891e+00
5.685055743970737652e+00 2.526317220521314688e+00
3.618347073709273776e+00 1.468695485365882014e+00
5.136985584702861374e+00 1.018071045478513348e+00
4.146369769164101271e+00 2.984346291054127853e+00
3.063499408986944061e+00 2.529025309227806773e+00
4.870627152703519869e+00 2.285299634477877539e+00
5.038605801967061204e+00 2.213334255791324701e+00
4.130272213272384363e+00 2.903408224308720698e+00
1.466992595441530334e+01 2.390921012849441141e+00
4.859156073947280774e+00 2.644740081934378040e+00
3.042682236575049437e+00 1.322066591317733186e+00
4.348579875661352290e+00 2.828094462778100837e+00
3.274606189160881531e+00 2.161095487485879652e+00
3.599496330868240168e+00 1.861246085867490407e+00
3.791578636976393746e+00 2.858684446604582874e+00
3.681710902442685729e+00 2.404473854367767949e+00
3.162084113925354600e+00 2.264042154723779010e+00
3.607415814785895236e+00 1.955724613188056127e+00
3.698512171731619613e+00 2.824191100740282678e+00
4.363227397988620915e+00 1.622355185209722661e+00
4.727445019266719228e+00 2.712117144506577482e+00
3.216689364972256993e+00 2.595599033311440706e+00
3.441612403417740218e+00 2.942602280909510259e+00
7.322390026196473833e+00 1.971784247743349150e+00
7.491811203604795466e+00 2.560181148165598053e+00
1.291001646131918790e+01 2.844412381739433116e+00
3.539069616515455596e+00 2.135672948367485446e+00
3.737617055465557225e+00 1.069393479273234693e+00
4.976346824677310821e+00 2.207853613961169081e+00
7.693000631497903363e+00 1.423594515727887533e+00
3.611822276236343221e+00 1.025462560205583573e+00
3.798172812798084053e+00 2.840845893066653804e+00
4.803730915925487288e+00 2.645943023251775994e+00
3.195213199139977256e+00 2.136866511299844618e+00
4.568380940721286088e+00 2.733693662824794757e+00
3.066876844705694438e+00 2.875507645034568682e+00
3.038356132588727831e+00 2.945345237799033900e+00
3.649037248035464920e+00 2.692051408885806296e+00
3.130495608094627791e+00 2.186128836564122935e+00
9.176424643222350852e+00 1.971987349533786293e+00
5.286671293039765906e+00 1.753540223311709001e+00
6.023737970173018041e+00 2.999997753527777533e+00
3.843052253864118306e+00 2.990766502150809636e+00
8.823623467357741390e+00 2.591614199373863059e+00
5.241567399286651607e+00 1.256971311274921677e+00
4.849198698579558098e+00 2.862709077453459816e+00
6.733870698476472683e+00 1.436184170047909880e+00
7.339950750841921945e+00 1.842219529431166514e+00
9.965224453996375686e+00 2.830724656197415090e+00
4.271867705315516517e+00 2.670209603169355184e+00
9.850655427921791940e+00 1.224116493047640475e+00
3.913894460419071297e+00 2.469982642301669973e+00
1.655648511555740399e+01 2.156854916011281098e+00
4.543171848927595846e+00 2.635935628885676785e+00
3.075286742666023088e+00 1.398001482019302077e+00
4.630056058127501650e+00 2.655009585324196841e+00
3.883733288033188735e+00 2.488816825418410872e+00
3.619198435318218277e+00 2.868671037807470903e+00
5.298220553056433246e+00 2.075428995143551170e+00
1.369694535345382391e+01 1.382404533817446879e+00
4.140325763552696436e+00 1.646970338648830801e+00
1.117208930047124760e+01 2.383412979268375587e+00
1.457947863639614283e+01 2.808253497850177638e+00
3.618065686655191904e+00 1.898335768554041847e+00
3.080590055791708970e+00 2.762138112884917618e+00
4.316679884105981913e+00 2.874897426205387241e+00
4.941088993793838924e+00 2.483670285993972549e+00
3.636043719716643530e+00 2.972783444797453267e+00
4.121498463715846938e+00 2.758059721208832471e+00
3.945830092940954437e+00 2.829463689243385538e+00
3.081960323584929995e+00 2.332716640910782235e+00
4.706032634752243204e+00 2.212737444376671636e+00
3.281158611537204006e+00 1.626296631441396690e+00
3.317956157375469672e+00 1.476831488926650726e+00
3.173750976270270030e+00 1.477584164644571985e+00
3.671286769423037555e+00 1.469039120196091508e+00
6.209485292015779478e+00 2.977457142289543945e+00
4.073004685329713048e+00 2.094886331590564144e+00
4.212896959687720155e+00 1.373949311128434436e+00
3.599453875287004223e+00 2.723507954919637264e+00
1.838521813961148155e+01 1.570288268176040836e+00
3.226009646347053561e+00 1.801487379017692181e+00
3.626479443631258626e+00 2.708756406758152213e+00
3.285593940375631572e+00 2.274563018482107069e+00
3.284065087275302108e+00 1.587599442283615048e+00
4.107826836270152882e+00 2.691230930276902189e+00
1.778767082057339266e+01 2.973768326872870738e+00
3.249339879193896330e+00 2.249467573713402224e+00
5.491982187420786587e+00 1.634685081175273780e+00
9.813747283434540947e+00 2.907019324048084830e+00
4.294457210014289039e+00 1.253240911350120390e+00
3.300506008317004358e+01 2.020571300466390774e+00
3.438573209631591965e+00 2.692422066046734397e+00
4.962732371272553067e+00 1.558129990680798826e+00
5.925542320437225285e+00 2.760043911996151511e+00
4.351931040231511005e+00 2.668496458315523512e+00
6.236019139881923579e+00 2.613286298344029923e+00
5.937532341040240524e+00 2.030855990758971608e+00
3.121802011566033208e+00 2.206074570311415961e+00
4.524970530341164476e+00 2.983238346538954033e+00
3.259276785756121342e+00 2.973573838476230691e+00
9.920686338451776720e+00 2.554448900562035440e+00
8.958431028520612571e+00 2.569613169025309674e+00
5.211249828825671671e+00 1.731723388609367476e+00
3.147005848979052445e+00 2.491782161768130610e+00
6.658802424374585804e+00 1.451902442542342131e+00
5.149723362379340585e+00 2.535117665734197168e+00
3.001355051075401015e+00 2.027437668422045203e+00
1.862126563147332803e+01 2.848276379942332071e+00
3.275408781998346619e+00 2.226715229675716667e+00
4.805443410308726016e+00 2.366797157417132702e+00
3.411439243970473267e+00 2.254686395822240286e+00
4.314034181757391728e+00 1.137477161492829847e+00
4.552686769028160718e+00 2.519420159351623667e+00
2.383847011260121818e+01 2.792475402113160587e+00
3.872214502398203528e+00 1.343221740539819464e+00
6.233144871839441770e+00 1.582806444221158015e+00
4.745499866504996334e+00 1.826128573225269447e+00
1.187066112171668664e+01 2.872277417043355818e+00
3.325110214588222757e+00 2.035220576788520752e+00
4.808182178670652007e+00 1.824223959265940387e+00
3.282514830198026701e+00 2.315843024131169603e+00
4.519206443073221280e+00 2.708442231837113745e+00
4.069001377971647848e+00 2.985106073053520159e+00
8.751227428245643480e+00 1.249935178795678281e+00
3.157678777578420082e+00 1.670590991931809821e+00
4.007588887089496232e+00 1.820305597088074379e+00
6.208980519665622921e+00 1.187279195973538481e+00
4.142595503369522980e+00 2.457477328252021476e+00
4.801980496422171285e+00 1.973213467312577185e+00
9.051330373738950996e+00 2.448838782508424572e+00
7.207313904591764242e+00 2.319059044907040068e+00
4.300438041523709565e+00 2.133609564081251797e+00
4.047018241248671266e+00 2.919619304016164651e+00
4.233395953735388240e+00 2.119063559157781995e+00
5.153329622902116824e+00 2.325761592961818280e+00
3.564754078493682421e+00 2.623121858496729963e+00
5.685685568756023045e+00 2.170840995814337759e+00
4.197934868150731802e+00 1.819718348306967659e+00
6.591697023471771999e+00 2.200915701880904685e+00
3.480892201098135352e+00 2.931438807366180566e+00
3.360521758007577020e+00 2.709165788785499185e+00
1.116404933037560099e+01 1.788533481285271565e+00
5.085022793832895793e+00 1.432869697837805489e+00
5.570858884430357705e+00 1.180447603989155159e+00
1.831454508716831953e+01 2.515108141646109630e+00
3.116758352057189985e+00 1.795765189511354221e+00
4.691562318352929140e+00 2.911922765380417832e+00
3.533236620875993772e+00 2.621570089468730380e+00
3.932553341744488673e+00 2.684913250585813760e+00
4.811658064566790571e+00 2.554876137120435597e+00
8.670091298581873218e+00 2.534836859415615429e+00
4.090273335293030499e+00 2.629330100395644632e+00
1.194834014167205183e+01 2.007892628363219245e+00
3.052274516882330868e+00 2.536857392721624915e+00
3.094621049349774111e+00 1.839696806001694718e+00
4.302078400246605483e+00 1.980065627477369805e+00
3.478734325537788052e+00 2.505817510590040431e+00
9.784399522524733328e+00 2.420703098376862705e+00
3.369603551666169761e+00 2.664657282429383489e+00
5.524479137707071885e+00 2.365849705965210603e+00
4.081902809802784304e+00 2.664335223488415672e+00
3.803008601460680538e+00 2.266501537418025514e+00
3.555676657652912631e+00 2.736641500763539181e+00
3.656062305074015306e+00 2.812688249419621478e+00
3.575307405699021501e+00 2.340051700664125711e+00
4.333540150287012338e+00 1.194646393109862981e+00
4.476551109879050472e+00 2.326372783904182562e+00
3.471325713297342297e+00 2.632200187575322037e+00
4.072988948541748755e+00 2.917347147997928047e+00
4.588152520878562513e+00 2.747575475070994422e+00
4.820847250301341091e+00 2.495820962229792439e+00
3.509714479247285190e+00 2.288944935880348197e+00
3.434958702618204462e+00 1.394670273420955509e+00
3.065603114069393786e+00 2.993893597801637441e+00
6.929374210210351492e+00 2.515987504134611363e+00
3.416138297391117185e+00 2.048712193962837436e+00
7.391696874327465139e+00 1.857743988628659748e+00
3.314155535423711996e+00 1.730319678218483093e+00
6.421523002156678928e+00 2.320727248081152716e+00
6.758249376871134473e+00 1.354150629731064148e+00
4.301086952775039052e+00 2.918038570436156220e+00
7.064469678999875768e+00 1.538961981005862345e+00
3.890271362226850549e+00 1.732893212167159414e+00
4.250811077113668013e+00 2.888135998095578749e+00
3.791763230677142271e+00 2.195714475767529983e+00
3.048199997591638066e+00 1.088005098453724839e+00
3.045462971035109767e+00 1.813543780042134346e+00
3.912744494391213301e+00 2.549457471958359367e+00
5.190249460236472601e+00 2.939927454833083598e+00
3.625063354642144020e+00 2.642311904663925404e+00
3.683460430028592469e+00 2.788144794777498880e+00
4.545927652390435725e+00 2.733900362412326146e+00
4.975184885648661570e+00 2.483597053244466668e+00
7.600233485909819287e+00 1.166610107673438534e+00
8.202980867823974620e+00 2.616358214109901326e+00
9.052456127860393664e+00 2.831451580005190038e+00
3.397045105258044373e+00 1.659128452738770410e+00
3.063636823058966563e+00 2.601207187231704410e+00
3.580579780954131763e+00 1.661325599318877799e+00
4.983646633888925592e+00 2.638177770786467313e+00
6.665932249784147778e+00 1.477608599585762850e+00
4.138634894066979264e+00 2.655667453392576594e+00
3.212723419363785471e+00 1.237491269149290307e+00
4.702546846537655867e+00 2.980250455315482938e+00
3.429532847286425934e+00 2.663739050139289688e+00
4.027519406068333474e+00 2.194599111184112328e+00
4.054013771270117417e+00 2.579071401569938082e+00
3.951625987916528526e+00 2.988931235300584355e+00
4.353990112975529847e+00 2.977346359750364435e+00
4.777257153119601085e+00 2.151131798002782425e+00
3.599872194643165546e+00 2.753200954802959455e+00
9.308634988192709514e+00 1.198491774246945862e+00
3.011785955124554270e+00 2.178559566393827751e+00
3.032270711301086052e+00 1.004752634373682785e+00
3.929287036556453394e+00 1.438540446774291492e+00
9.881331069363245234e+00 2.044682283423389535e+00
4.933384055349608666e+00 2.540745834882601528e+00
8.996955713165259994e+00 1.777214610430401853e+00
4.010458259963690431e+00 2.915104079272436088e+00
4.144289624632484959e+00 1.747864664445273331e+00
5.759166782901841586e+00 1.705107295474773466e+00
5.557632608979085731e+00 2.412709737547687361e+00
5.487504700948147018e+00 2.604049071484304090e+00
3.440689562254289680e+00 1.886291018220975557e+00
4.588884449869570226e+00 1.388971728549884821e+00
3.192026770650905121e+00 2.817994087257470248e+00
3.059361048492956314e+00 2.059846481563738063e+00
3.749490613914723269e+00 1.125154848293295595e+00
7.338310079590003809e+00 2.064751891658400229e+00
3.916098132459850056e+00 2.617346599146642916e+00
3.337224359060386725e+00 2.965796496239619717e+00
3.225780013056778195e+00 1.349985942297489805e+00
3.734255461951666355e+00 2.950061566549709191e+00
6.092516754176120486e+00 1.301955737857775741e+00
3.479987544629628005e+00 2.915629115677697669e+00
4.369896493953669747e+00 2.848337784880851320e+00
5.357372501884002602e+00 1.097036382731119364e+00
4.077714437886367449e+00 1.610829375572955247e+00
4.470348023066945231e+00 1.180375034236125220e+00
3.963313089265250611e+00 1.994868742346741497e+00
3.829882444999892943e+00 2.716494344759504020e+00
3.057287863259155358e+00 2.057504766801626417e+00
3.420968076968503802e+00 1.329583448759870556e+00
3.297075107055789989e+00 2.244310944451242129e+00
5.045484076697976050e+00 1.459978723214887530e+00
5.565523654994903424e+00 2.533617692457970971e+00
3.813894547403464674e+00 2.009465828322150038e+00
4.101752532260700690e+00 1.868506596567421241e+00
4.747792084288868786e+00 2.929701164733692131e+00
7.177387443357444496e+00 1.641251889674877562e+00
6.750644990043234372e+00 1.303199921141639850e+00
3.481258058322795890e+00 2.910302164133659275e+00
4.213606662315564577e+00 1.394528321841767005e+00
3.246188441239414857e+00 2.378777385049688053e+00
4.040559126346734864e+00 1.550061997444986517e+00
3.239106317943930335e+00 1.875788848025941702e+00
3.054098764086718099e+00 2.251219084573162998e+00
4.784386918521784438e+00 2.562011261051579503e+00
4.015596675894564704e+00 1.932764230544562256e+00
3.143120298121301559e+00 2.185438169769441608e+00
3.884327830878628873e+00 1.894115371250245650e+00
3.843979862514894208e+00 2.076862844405881425e+00
4.733004495558329694e+00 1.518809731633963933e+00
4.308147300623862641e+00 2.660240369195556731e+00
3.821690737719516839e+00 1.822498640964534511e+00
4.412873531363640467e+00 2.867709816018128688e+00
1.136165843376062590e+01 1.513439740731954863e+00
3.968169874977471423e+00 2.888220266661697622e+00
4.978831361866537186e+00 2.270766406947823945e+00
4.869952869548543006e+00 2.603551087372702355e+00
3.652203962115555314e+00 2.661221833469149978e+00
3.559785592115662034e+00 2.145676518378675901e+00
5.219296362737692263e+00 2.535481694296423782e+00
3.430917573691716349e+00 2.555400443494002971e+00
4.303606629876239431e+00 2.202731212988891407e+00
3.086950516763481644e+00 2.025371382206491155e+00
7.072952615045537073e+00 2.730482209769232060e+00
3.822818848512813172e+00 2.469353078485936326e+00
6.235855571639600470e+00 1.376800012197721745e+00
3.718759778200117161e+00 2.924252104334490454e+00
4.306722149465735505e+00 2.429741310742792315e+00
3.087183177873934703e+00 2.961419163190884607e+00
3.133655234992065886e+00 2.817747930690758906e+00
4.432172411427668379e+00 2.512592294714862007e+00
6.081595608479180015e+00 2.276153647933440993e+00
3.508770161712841507e+00 2.745902874692617068e+00
3.912374508209901514e+00 2.645359653878666339e+00
4.622619133504727529e+00 1.083308871665309203e+00
3.408411174626286844e+00 1.014759142263865765e+00
1.238015810310068332e+01 2.740808173569379669e+00
7.839068939428237570e+00 2.802188257959250528e+00
5.834580736601297168e+00 2.595005992719774834e+00
3.138539277312208053e+00 2.421271274982656152e+00
3.544697999670217481e+00 2.958678662204434318e+00
3.066778200127362908e+00 2.308237190190793875e+00
5.118518970166761051e+00 2.734314702487574245e+00
3.926448407997521706e+00 2.009632872107049550e+00
1.408246927506372970e+01 2.156686983186763218e+00
4.148435667255679249e+00 1.749489989221514330e+00
3.372151015140278485e+00 2.764939903056554904e+00
3.051377967369105271e+00 2.829822509387407425e+00
4.993218048828900635e+00 1.565279511173539584e+00
5.695803870663938007e+00 1.554932799598858884e+00
4.071886330530441356e+00 2.620452896477857951e+00
3.053423851104332343e+00 2.693585153336239379e+00
3.640820773523073761e+00 1.908328924877108479e+00
3.821098277211866012e+00 2.061714742236147480e+00
6.507252939722941498e+00 1.914614730720465507e+00
4.575187672152705609e+00 1.878605558782810103e+00
6.700225017196396848e+00 1.923518571836722479e+00
4.598778935096249576e+00 1.974134491206475106e+00
3.218886212492249044e+00 1.742389744492662151e+00
6.292048663177890688e+00 1.533000591701537463e+00
3.338753157197048793e+00 2.046008651482466689e+00
8.404395858534911667e+00 2.338000019641304661e+00
6.784710889255096689e+00 2.307557429531876814e+00
3.530962359710557497e+00 2.853147032166853503e+00
4.740889403074275421e+00 2.081229602862354255e+00
3.570234926032240352e+00 2.017557350840772035e+00
3.285164675620372954e+00 2.266611547881544286e+00
3.368774934292770418e+00 2.999572171350682659e+00
3.192331741145776114e+00 2.011396317757655261e+00
6.092772533856912531e+00 2.744240429333850706e+00
3.109641405303815276e+00 2.761694290042087552e+00
5.308039278271853512e+00 2.092479131824666716e+00
5.508933069016496376e+00 1.793008511409913908e+00
3.574229876133248496e+00 2.094686807181638244e+00
3.117674016153616279e+00 2.509522836902067233e+00
5.559635083499468777e+00 2.156378710816773570e+00
4.717869496271746677e+00 2.139010635004244598e+00
4.193382551166084937e+00 2.901065124044468480e+00
3.930621898298538142e+00 2.507991105115281449e+00
3.148199318600729768e+00 2.004621738976286593e+00
5.940532352315449849e+00 2.409726754352382816e+00
4.880813120098398628e+00 2.862330206673409982e+00
5.717589988864961725e+00 1.466128255436391248e+00
3.688698648975017313e+00 2.051975577010483498e+00
9.809323037805411261e+00 1.310288924348337991e+00
3.144842792732673864e+00 1.901713092210594924e+00
3.858879793478836362e+00 2.234360802068732887e+00
3.528598984389835991e+00 2.951594883719100615e+00
3.073900460294834325e+00 2.878592158132273759e+00
3.455665760900100469e+00 2.733745152659573741e+00
3.108713876527193776e+00 2.992791878355137491e+00
4.609230506971600860e+00 2.989796282505142067e+00
4.083261707117947559e+00 2.473910155775186581e+00
5.611655675779054775e+00 2.939346486954327986e+00
4.404948449842468250e+00 1.930525481571470081e+00
6.581142628209204481e+00 2.926853216721327922e+00
9.569709764048042189e+00 2.615452319733202913e+00
4.147137259147656962e+00 1.213443699718715241e+00
3.386669109347770323e+00 1.650116007798577922e+00
4.899739079398712782e+00 2.866353543900994172e+00
3.456391358722089802e+00 2.610331505281128006e+00
3.289785389583872011e+00 2.197515142039914160e+00
8.611819176729827774e+00 2.861538264816055221e+00
3.206660213725192499e+00 2.072563421781582704e+00
5.811332210368228779e+00 1.409727776846503522e+00
3.374314934399157195e+00 2.084332379169187455e+00
7.366758247208991861e+00 2.905440108977956459e+00
3.547242710381540487e+00 1.233032414762864182e+00
7.947554682542543603e+00 2.355651759732959150e+00
3.582417121613091116e+00 2.204856062359036528e+00
1.076323060300261680e+01 1.251019614746830877e+00
4.132660907788299198e+00 2.604208600851039890e+00
4.630803671657512055e+00 1.508904908969497471e+00
4.044520746512034748e+00 2.570299098842914631e+00
6.528994442528293973e+00 2.354173510881519604e+00
3.099723416884101468e+00 1.867971790853210301e+00
4.359664995265237764e+00 2.650716204160925571e+00
8.355741958879985276e+00 2.263724537641965462e+00
3.420811350239606696e+00 1.478723680039349953e+00
8.344696793100077059e+00 1.979567342968893362e+00
3.484739834034993766e+00 2.858620563463031061e+00
9.148663060927074042e+00 2.578087959587945122e+00
7.972557056782694218e+00 2.280816980757376822e+00
9.593155278985307177e+00 1.874287703519846859e+00
3.362472202002849908e+00 2.658234336983083423e+00
1.394748822540834965e+01 2.165850036206529161e+00
4.242672411692462120e+00 2.228019144236419447e+00
7.921408535133378948e+00 1.831440502937463410e+00
3.105837651894606477e+00 2.980586394057821220e+00
4.788947523007405671e+00 1.651898814304686214e+00
3.011595152217549476e+00 2.816155853096318218e+00
3.352448112113342482e+00 2.906515387781577697e+00
6.348400736984263659e+00 2.911815463022785710e+00
9.508875804528495124e+00 2.695240525579040813e+00
6.704312450388682620e+00 2.701626258462997754e+00
3.003023212766050332e+00 1.440932881649091613e+00
3.709872307908657074e+00 1.246140597888287571e+00
3.559322595854542470e+00 2.592661253486519435e+00
4.837565866226598565e+00 2.183736705586345472e+00
4.158049600217446518e+00 2.312109555098238900e+00
6.549115404048519551e+00 2.920358742234014926e+00
4.678669504294955317e+00 2.710665398257019021e+00
3.876766079218337602e+00 1.351351420697863848e+00
5.158246125930062931e+00 1.865457271287888297e+00
3.471860703205630116e+00 2.851247422989791502e+00
7.374028107824255329e+00 2.501617499422310154e+00
3.812963273960817912e+00 2.940995053802958559e+00
3.128629680784362765e+00 1.413857507230405375e+00
4.216809191756690112e+00 1.259570570104423748e+00
9.123147081500549760e+00 1.108783926315233481e+00
4.511599559606459309e+00 1.265197671536026247e+00
4.827652663975087854e+00 2.860466372338573926e+00
3.533226260620332848e+00 2.796954855970365195e+00
3.039546653054069569e+00 2.648820210304991818e+00
5.752142115301928094e+00 2.861923284480279772e+00
7.887916665956986151e+00 2.964057292871112637e+00
3.430253335711899609e+00 2.403662845181808727e+00
3.113818635094327547e+00 2.317729557033941568e+00
3.183026554557170318e+00 1.962136067551505825e+00
3.821318799599950466e+00 1.767554336180316321e+00
4.292020889958994445e+00 1.531048100458118899e+00
7.285745221962280027e+00 2.942844272598220901e+00
4.541553091752234650e+00 1.856476474108249786e+00
3.398028927403681898e+00 2.360797875921450739e+00
3.206479752566447239e+00 2.083705820627958616e+00
3.331968418095136997e+00 2.541023586220205299e+00
4.851408500101522137e+00 1.337322798419931846e+00
1.563466753439776546e+01 2.962235265384655314e+00
4.116891981035440295e+00 2.671592724822699161e+00
3.329982814093146892e+00 2.888012566946970949e+00
7.774165399772098084e+00 1.453216677533425205e+00
4.653835776785957279e+00 2.211837426908411786e+00
3.529711634427648903e+00 2.525754590385083098e+00
3.799454824531618424e+00 1.601405366424801580e+00
3.592578186592539691e+00 1.589691345344749651e+00
5.260615730029706505e+00 2.832540995502245806e+00
3.054966891960993358e+00 2.731469787308289376e+00
3.190036486310897423e+00 1.067512478586220226e+00
3.108470168862944583e+00 2.503871820101648549e+00
9.758457451332292365e+00 2.966099212357983905e+00
4.117887653384317836e+00 1.648618984785274577e+00
4.498770247613593121e+00 2.867829059827699201e+00
1.003244925323033776e+01 1.136540251548877833e+00
1.057746040102221485e+01 2.764901968112459585e+00
3.042393331772034415e+00 2.963427763192470366e+00
1.016489889582216222e+01 2.334490956722164778e+00
9.874052266350000551e+00 2.775245110855006025e+00
1.229748239025811074e+01 1.996117859203649703e+00
5.431915054921752528e+00 1.946321944111906843e+00
3.488339232103950138e+00 2.826142022916619201e+00
3.029309367333619551e+00 2.160214171098024494e+00
3.658000554483630484e+00 1.370280813661253205e+00
1.346976148489906677e+01 2.239842132561180144e+00
2.237371381981807872e+01 2.205105453497614221e+00
4.000632305092720387e+00 1.680290552756230182e+00
6.067122939942193760e+00 2.505798603970998961e+00
1.157464982424815858e+01 2.587799333569510196e+00
3.596082900209069066e+00 2.368277710310337625e+00
5.361261697927027114e+00 2.221199319394228766e+00
3.694164136152904732e+00 1.292314317441106475e+00
3.700281182525310353e+00 2.048462583726878616e+00
3.977146345961569907e+00 2.002302927426165446e+00
4.937129537775136079e+00 2.660868344794134366e+00
3.261148769298600758e+00 1.759684094833563694e+00
3.857406061962471711e+00 1.406336445138669733e+00
5.367757307792254018e+00 2.709147596753243015e+00
4.538303622291574690e+00 2.852011306820086300e+00
3.221883743209436268e+00 2.907468574480732926e+00
5.165624336384004422e+00 2.871247073346858691e+00
1.164534889164773013e+01 2.515512043959895472e+00
4.257098513825459563e+00 2.934344070076251310e+00
7.814305266345630940e+00 2.195537860239866301e+00
3.433501418465036537e+00 1.545438007173124850e+00
6.510454839898179635e+00 1.812100016018263204e+00
4.932791939103439383e+00 2.467833898166979623e+00
3.034593135001800057e+00 1.460630203966877483e+00
6.438894094032161064e+00 2.530753085093814914e+00
5.329965243088684801e+00 2.923132913501883756e+00
3.094409883097231528e+00 1.623298006493698598e+00
3.845152234991518370e+00 2.120904603778642983e+00
2.374557736898434257e+01 2.115957061929099048e+00
3.553343581702768983e+00 1.431999758958071967e+00
3.064826790256555356e+00 2.679393073397341674e+00
3.405679874779632410e+00 1.962804530486768062e+00
3.000856519548824153e+00 2.981093314869561972e+00
3.520382974531814924e+00 2.029083056205348790e+00
8.965495432333522530e+00 2.960876009051389701e+00
4.793763050933113945e+00 1.776811014387241983e+00
4.829165855065003399e+00 2.894290666133301659e+00
3.791428539078759652e+00 1.482021411916967013e+00
6.688926382382523350e+00 2.282124574168834741e+00
3.118598072340792449e+00 2.847217584872299589e+00
1.563552708657725709e+01 2.337620552254733752e+00
3.322132069377995656e+00 1.629394164080245178e+00
3.379428103518714366e+00 1.108474867357781335e+00
1.136630211951378655e+01 1.499384910790256820e+00
5.092517143128914014e+00 2.522306848882477137e+00
1.230078483996751082e+01 2.465874528997027859e+00
4.922513080931015139e+00 2.519005688461981585e+00
6.477558702724037332e+00 2.717639479145390613e+00
5.328579129558976391e+00 2.842057467187068198e+00
6.229873206876300529e+00 1.734880031249184995e+00
3.321999907860877066e+00 1.903750775280422136e+00
3.374397152865199700e+00 2.840511075735404845e+00
3.500808053673725162e+00 1.912144014786803403e+00
1.003372829758135687e+01 2.820466824440814868e+00
3.066542064832184167e+00 1.468394968182186844e+00
4.585856800515301757e+00 2.627377319437641745e+00
3.342449947577041058e+00 2.181467797056937385e+00
7.465519061392302369e+00 2.140277095179017763e+00
3.102560181551348606e+00 2.700245256581779607e+00
3.377247692183514172e+00 2.274174898674785172e+00
6.395575798551468516e+00 2.534699405742165013e+00
3.914689930912416127e+00 2.039194236820074391e+00
3.810970735149460609e+00 2.025218426119657078e+00
3.357997710548661807e+00 2.952649340323829641e+00
3.950607887222816750e+00 1.790087089494716510e+00
4.733271574944970972e+00 2.276967559514945005e+00
3.910463092489364634e+00 1.320766425011429934e+00
5.183109444735769955e+00 2.146784933409830565e+00
4.549137547311156382e+00 2.670206672798368430e+00
4.216736262267465563e+00 2.320578606672508037e+00
6.468433755009273867e+00 1.378409779297641968e+00
3.610456970684712275e+00 1.788727438025355720e+00
4.362763834117652451e+00 2.557948344076926617e+00
3.262766279339802011e+00 1.798439010503430469e+00
3.138531892217568675e+00 2.601914465063801529e+00
4.140634765336585588e+00 2.226974753090431136e+00
4.213641309467758944e+00 2.647189130593819328e+00
3.759487295225573789e+00 1.668531778285267997e+00
5.998105545769012004e+00 2.251534967524017716e+00
4.258306363762992319e+00 2.619396397532957721e+00
1.101687426280959770e+01 2.302800363376275250e+00
3.273435172220636957e+00 1.839550440169046341e+00
3.415312088635563903e+00 2.096661007003653321e+00
8.480306664712525588e+00 2.057246073786830109e+00
4.810702324272528863e+00 2.908192334384442468e+00
3.783559072730307005e+00 2.065688885010713349e+00
4.313095898076077184e+00 1.646006876666560981e+00
1.252444131186834575e+01 2.951462859937576511e+00
7.142665337979160256e+00 2.797251893360340524e+00
3.153174807395840773e+00 2.896251965942858053e+00
3.985183307814708975e+00 2.724815324562787744e+00
5.576404368554460866e+00 1.246029451294997425e+00
3.415093825351343870e+00 1.519832327532038008e+00
4.644054547206343031e+00 2.511068519631289853e+00
1.114089320113993864e+01 2.884833211510477557e+00
3.201646122077820955e+00 2.900754976312416744e+00
3.358838704308429346e+00 1.656120445722880641e+00
3.702620700101781903e+00 2.960177756352059930e+00
3.056281541857858386e+00 1.731194231993803401e+00
6.652197716230491942e+00 1.747143363637641222e+00
7.450835056567483683e+00 2.448878281814949709e+00
3.677325213128043391e+00 2.764006619730165148e+00
3.049846750457363420e+00 2.492215087389669570e+00
3.022650129212738346e+00 2.695787789831183723e+00
3.769905707113681448e+00 1.729512257551439447e+00
3.552914357834082715e+00 2.310749439785095394e+00
5.050579593221680597e+00 2.521058370946030358e+00
3.799244458853348938e+00 1.326158172949908565e+00
3.046120778829968234e+00 2.569862594661365574e+00
3.453912083217486995e+00 2.000888683645548394e+00
4.518578240054688777e+00 2.791804146103077588e+00
3.500690337880710601e+00 2.233945209622014705e+00
6.348238359576352963e+00 2.317335843280539542e+00
3.039170476998469539e+00 2.142224249284450543e+00
8.325454789654077814e+00 2.317471698931937496e+00
3.140595645867862995e+00 2.187516162985179147e+00
5.957184496143012709e+00 2.324562451528899842e+00
4.091866727365236045e+00 2.360637317867442242e+00
5.674747900977101800e+00 1.619376632360834289e+00
3.838370903970552028e+00 1.733442994565413953e+00
3.984536033301185221e+00 2.606049639244261584e+00
3.385627027790679033e+00 2.300681202176703799e+00
7.688894894334238117e+00 2.060294990015815841e+00
3.251821615167835411e+00 2.575285057115000331e+00
3.644584617028622908e+00 2.063847183415596920e+00
6.362200529155659368e+00 1.220085532151654384e+00
6.324579276612804613e+00 1.173378645456850666e+00
5.977631292752308312e+00 2.954551000623572676e+00
3.147968213687203143e+00 2.482408373391441714e+00
6.489964343966143190e+00 2.923620701255526200e+00
3.399731070869533855e+00 1.400552439411965722e+00
4.210320966212892202e+00 2.883262144948101735e+00
3.794748717976121011e+00 1.919901659532920801e+00
3.323499879595889439e+00 1.596522475033465449e+00
3.489513520552565584e+00 2.406177474787390302e+00
7.335720272676725884e+00 2.814619939277880789e+00
3.831863284905842715e+00 2.129111538259226499e+00
3.755067371818845867e+00 2.965520364565752409e+00
7.630617254693019547e+00 1.919241894540903104e+00
3.897975058467621601e+00 2.656871400291578755e+00
4.564731764476970710e+00 2.780129963538694682e+00
4.468765640878132217e+00 2.982585033812016562e+00
5.936332035902324833e+00 2.363646116781249695e+00
1.816338085814117420e+01 2.012011661905406257e+00
3.106610617572063404e+01 2.881010987136181534e+00
2.299689169709981584e+01 2.877879608649685395e+00
3.447306664535267018e+00 1.589598537996196548e+00
3.215372126444747458e+00 1.292916077150212395e+00
3.299570379865208736e+00 2.482621542821175531e+00
5.135191120907760975e+00 2.693133545593455747e+00
3.326045012577750981e+00 2.878143628394749243e+00
5.532955782699105818e+00 2.669530104634803003e+00
6.423468449413668679e+00 2.825799949412309608e+00
5.547294994843216642e+00 2.764387111118831619e+00
3.260544701525367017e+00 2.600592005252407191e+00
3.452158558495306728e+00 1.868846969859723650e+00
9.650872653995930861e+00 2.800605193405958815e+00
3.097555496302869749e+00 1.861775687859407169e+00
3.282656199321947632e+00 1.790640351005844622e+00
9.027377241639612748e+00 2.460097088034252089e+00
6.064493196363205385e+00 1.031766957445538813e+00
4.186483963977359224e+00 2.910149980837419825e+00
9.970763639932078704e+00 2.564419700339772845e+00
3.358739883889259037e+00 1.788691184362040554e+00
3.348528039285632918e+00 1.157128856452865007e+00
3.794864475629839973e+00 2.787561874359851366e+00
6.051731391793135906e+00 2.870220285759980783e+00
6.241452703147420067e+00 1.221886026012352078e+00
3.960848982389052253e+00 2.476434665530844459e+00
3.031652210537845171e+00 1.939468752364427173e+00
1.935238711777581244e+01 2.210141001032392971e+00
3.790610209277130771e+00 1.317408797427580769e+00
3.025636512643134601e+00 2.961261194289655840e+00
4.356710977644117300e+00 1.568345262897079984e+00
6.667891392763166891e+00 2.522993366232476831e+00
4.400338244556058598e+00 1.597594111761610147e+00
4.195926814045789044e+00 2.691185421365711150e+00
3.534524087822568106e+00 1.580602905327140206e+00
4.291890285150045337e+00 2.001856435689156832e+00
9.893985334339767235e+00 1.402355143661674575e+00
1.078478941217445630e+01 2.231899717936483896e+00
3.335943155964634865e+00 1.815733766759100920e+00
3.274074398339566372e+00 2.103385536952042223e+00
4.126620265428634582e+00 2.274883593079510380e+00
3.152579638129265227e+00 2.336445936263599865e+00
1.038243078591163737e+01 2.129629652911430249e+00
3.039744703013080418e+00 2.812886283444363755e+00
1.362422640567253218e+01 2.099043698274446257e+00
4.217291213523613358e+00 1.340135639187270744e+00
3.220129556790717551e+00 2.590933575536379152e+00
3.401885779986820069e+00 1.905773665514227666e+00
3.456313691150223022e+00 2.480357161000011246e+00
9.406420731723471818e+00 1.556472963930443321e+00
3.522354786228885981e+00 2.683222303648191254e+00
3.410466322226613833e+00 2.170645715854035096e+00
4.245399625380388287e+00 2.332433109279898442e+00
3.101287710396986252e+00 2.484608436877789206e+00
4.238832395566770828e+00 1.642119425720812043e+00
3.429014146932662754e+01 2.086118615892951667e+00
3.970712872575490771e+00 2.461408453035638821e+00
1.122933376175781106e+01 2.347828119475301900e+00
4.928025989719603928e+00 2.576422866847857041e+00
6.683235401017276978e+00 2.639831684887059993e+00
3.178617110695853842e+00 2.743893022607786669e+00
5.036738617751474578e+00 1.674796479513328107e+00
3.273644900120316059e+00 2.872951658688435828e+00
4.266010073848230277e+00 2.762014742159816461e+00
4.177550512253425552e+00 1.812834327683940927e+00
3.387329522621778999e+00 1.072957567281590308e+00
3.428578821917507735e+00 1.505105761928600572e+00
5.481770652287240253e+00 2.789923966929996446e+00
7.272563772886666555e+00 1.949646019619815540e+00
3.773857775062470665e+00 2.556801257440218134e+00
6.193288408041357052e+00 2.404217078313069411e+00
9.114675015130799807e+00 2.762311859345215392e+00
3.516751888445950769e+00 1.887817785378307134e+00
4.728377459924478110e+00 2.623098798495592909e+00
5.302179666231643829e+00 2.335404839858273185e+00
3.467502163179177366e+00 2.646932867378937182e+00
3.874217177681916979e+00 1.656055944395183888e+00
3.941413661777898092e+00 2.187114313400843280e+00
3.026281170763908790e+00 1.532239863416987813e+00
4.404582586905538832e+00 2.511057523041094530e+00
3.893439533832917299e+00 2.465263449058011425e+00
3.890075752018772093e+00 2.932041637674232426e+00
3.122486484821534347e+00 2.870106522135880134e+00
3.087043790784174568e+00 1.279951805386919217e+00
3.586729756577165773e+01 2.538648581131237592e+00
