1.568469374104733971e+00 1.456070404489976156e+00
2.408165084186908445e+00 2.382514842276608480e+00
1.566707918775723574e+00 1.560693612862673829e+00
1.535200079275278684e+00 1.327676508147374479e+00
1.721799484705158090e+00 1.333299782679399303e+00
2.482329057261567051e+00 2.278744488400406887e+00
2.601988483496552096e+00 2.494156098493244489e+00
2.465150839755187562e+00 2.043097853037345590e+00
2.480813971320200650e+00 2.472437043922451672e+00
2.439617589954538701e+00 2.227549212572884851e+00
2.868738389891186902e+00 2.738400572413927758e+00
1.877865305257913731e+00 1.276285600946658327e+00
2.361516351903640398e+00 2.202678748098507722e+00
1.967255583241998007e+00 1.746677966907757007e+00
2.329191085704604092e+00 2.277549496716441357e+00
2.801395412960902220e+00 2.374825879484849800e+00
2.279278968162628427e+00 2.167184693327682155e+00
2.543839567401384283e+00 1.159432772154951330e+00
2.604464774996094967e+00 2.478356452439130830e+00
1.376029084676350323e+00 1.355125197096233247e+00
2.357233780380838972e+00 2.012347485289210702e+00
2.326480301818467211e+00 1.977914626015307764e+00
2.974164216491277379e+00 2.903440816523022772e+00
2.829310010392776409e+00 2.565488602674545149e+00
1.436332614442457745e+00 1.223033316545297788e+00
2.937562279471021220e+00 2.778444437426901725e+00
2.279764444623190833e+00 1.046916457140865120e+00
2.795252014626199433e+00 2.577623069557244850e+00
2.800682528653831049e+00 2.555660634120858532e+00
2.578554080341723065e+00 2.544962157818582149e+00
2.247766391007051112e+00 1.064019069784142957e+00
2.237298479605491330e+00 1.883112511390137023e+00
2.332997909147880300e+00 1.770093927186412452e+00
2.359526540195082234e+00 1.999896462425212906e+00
2.193848881415520147e+00 2.003001648620617914e+00
2.964270056269875386e+00 2.369729668011309354e+00
2.991428599553826118e+00 2.599844827824103533e+00
2.347771537288090293e+00 2.220211906143580105e+00
2.597840365105676064e+00 2.527738504369538841e+00
2.417259524115335179e+00 2.171738928921619127e+00
2.465205489269915340e+00 2.316692743648161024e+00
2.627158486203826193e+00 2.416603208026558480e+00
2.505830847773780956e+00 2.409109472658845785e+00
1.452165921671514148e+00 1.055129193345926364e+00
2.786176262204313581e+00 1.358560324238693440e+00
2.436066631108531055e+00 2.033946766782145588e+00
2.352806873212449634e+00 2.127475005033964806e+00
1.903226900960076851e+00 1.473589304933906163e+00
2.491862791242525077e+00 2.290248388281077130e+00
1.665951187622315421e+00 1.081160097282056531e+00
2.623362070640905319e+00 2.436994294328106658e+00
1.882795499889353019e+00 1.693518852727613266e+00
1.935305468335195345e+00 1.554210888761516696e+00
2.259495636378774819e+00 2.124322459319648360e+00
2.534258091919966205e+00 1.745697761103113699e+00
1.818817346599419071e+00 1.138757395862081356e+00
1.394917439089824462e+00 1.278254693638698924e+00
1.632828101021873923e+00 1.445451111366546693e+00
2.113158522077135615e+00 2.036414682801403142e+00
1.901815468663797581e+00 1.667189658348831482e+00
1.341402857022173656e+00 1.304779289806184295e+00
2.477673628799095695e+00 1.709434697532232095e+00
2.864778699213514912e+00 2.673923192414540129e+00
1.598227721833142434e+00 1.593030897710866256e+00
2.582152625849732708e+00 2.072549859245947257e+00
2.366905851197794952e+00 1.835524925998925472e+00
2.943585479340349309e+00 2.712505044896342810e+00
2.145485203672924612e+00 2.106734430054009177e+00
2.737983024191840364e+00 1.937199081093137876e+00
1.826319516023870992e+00 1.804609878745947693e+00
2.357101806109380249e+00 2.073713058714313995e+00
1.487543494113733100e+00 1.405980669876994771e+00
2.465910400763429600e+00 1.982738474175596233e+00
2.675442737808296556e+00 2.466574910471852178e+00
2.965605303245125945e+00 2.231661735571608851e+00
2.980779555380645540e+00 2.530161162368319783e+00
2.738436263166588613e+00 2.601235486215140558e+00
2.355807624865101424e+00 2.310746032308871545e+00
2.845075883035117492e+00 2.561539040542304413e+00
1.606779118463570910e+00 1.370393440044945343e+00
1.995349030081601915e+00 1.420160406585191826e+00
1.136002810528156992e+00 1.116511840993899440e+00
2.686736714381504409e+00 2.618919373134647621e+00
2.013039464927272704e+00 1.312105571248805225e+00
1.976994467491925089e+00 1.245304324627160675e+00
2.512169706849065154e+00 2.176688920895362145e+00
2.733867188951735194e+00 2.593685161299875030e+00
2.225952507437936490e+00 2.192899588130087007e+00
1.821278500929782718e+00 1.710035220407421175e+00
2.117796898548758300e+00 1.889956443573829192e+00
2.664527182673433359e+00 2.161822612181741210e+00
1.304440178682069629e+00 1.006911496370324510e+00
1.820139280355498990e+00 1.354222332452666544e+00
2.460928065741214255e+00 1.371105739389724354e+00
2.702024919043886531e+00 1.062422760503156871e+00
1.498163288978707319e+00 1.154317434410156329e+00
1.726355787158463162e+00 1.213663356730293241e+00
2.988613947987299291e+00 2.175531019668579980e+00
2.930955112593603751e+00 2.309452593811685439e+00
2.483258375445922539e+00 1.932363436830750736e+00
1.243944650599524637e+00 1.173848723840484665e+00
2.607134594513509818e+00 2.589633595072370564e+00
2.997392307127650035e+00 2.969929818766332996e+00
2.395898520354714734e+00 2.368692636810585839e+00
2.508329207592764121e+00 2.015175862256262107e+00
2.549448430000341048e+00 2.368283477333375409e+00
1.480894198066089684e+00 1.419935252676872706e+00
2.316097298159925266e+00 1.920384151253724525e+00
2.930377494703192198e+00 2.907884984483469992e+00
2.596660221296570370e+00 1.059726160456506250e+00
1.890399039806310411e+00 1.329581396302044194e+00
2.565492622945797940e+00 1.827400116498460569e+00
2.923876818431018876e+00 2.797521646870291701e+00
2.084286802130669969e+00 2.014525568454863524e+00
2.414459589667393935e+00 1.683019993042237372e+00
2.156979133943948579e+00 2.146935260082753594e+00
2.505889306581079001e+00 2.426974378377938724e+00
2.910929462917883903e+00 2.122325878501793106e+00
2.375370913893484648e+00 2.197683569963231776e+00
2.668905726755607333e+00 2.353577095481096393e+00
1.829881876740608648e+00 1.798594840126264582e+00
1.321015038519882001e+00 1.186785222144865592e+00
2.841103615811118921e+00 2.733948805992847397e+00
2.509938057625150876e+00 2.407908649443433635e+00
1.363355167926397771e+00 1.113345639626317052e+00
2.282617682414285643e+00 1.749215806896674996e+00
2.521757519754903143e+00 1.983657584267762175e+00
1.670729193214421926e+00 1.254291866476232808e+00
2.674640714930535346e+00 1.412464476976876826e+00
1.920423281591000952e+00 1.887374015520174808e+00
2.785697740600554084e+00 1.919426987919952587e+00
2.289960806501318391e+00 1.966105768993452907e+00
2.676663422735364506e+00 1.813468928851681650e+00
2.605728493477834196e+00 2.403719780990165589e+00
2.846672596202442396e+00 2.835327327240897866e+00
2.588650392724489713e+00 2.218748510755979009e+00
2.799306380323494547e+00 2.683605855853252731e+00
2.271922156737399945e+00 2.205139977925064887e+00
1.460877742151858394e+00 1.346955895626393618e+00
2.230170934046340925e+00 2.061785718426292213e+00
2.835833062752110223e+00 2.654328038803246859e+00
2.521253520596308029e+00 2.410877243954791638e+00
2.024799001661554243e+00 2.005326004290791442e+00
1.916321018650474883e+00 1.683735418795061944e+00
2.192739056590298219e+00 2.130650969445590182e+00
2.928994828459328570e+00 2.916753748352213460e+00
2.876834726398453945e+00 2.639766882198792963e+00
2.967520988448762331e+00 2.704223413808221288e+00
1.936585289224275863e+00 1.462636957898454826e+00
2.567203539723779571e+00 1.870688828470560727e+00
2.979376252122549751e+00 2.976055618925718793e+00
2.722073303160947866e+00 2.563894650606181269e+00
2.146602223926642683e+00 2.046968262832641994e+00
2.274393951034041628e+00 2.223366873017561751e+00
2.979071156115583374e+00 2.125864251346637701e+00
1.684957644262940146e+00 1.271929824394219644e+00
1.996234978158603957e+00 1.751556419010575683e+00
2.450226115288375084e+00 2.411210614763847904e+00
1.644914570514324215e+00 1.467738615964876425e+00
2.632676585092836419e+00 2.610860323437039554e+00
2.950588861209074487e+00 2.899093598677906503e+00
2.468641419338361231e+00 2.447021105005273700e+00
2.828797926224149162e+00 1.837698293371599068e+00
1.941810298467518958e+00 1.446937588360284188e+00
2.290662530868291746e+00 2.142575353149210660e+00
1.811989576770871135e+00 1.552984459396949513e+00
2.175170920309762224e+00 1.827824361312434531e+00
2.337088140208741116e+00 1.866684379084416090e+00
2.477867561766227134e+00 1.980796482612189102e+00
2.846732750341004703e+00 2.716360852774945656e+00
2.869903992062973863e+00 2.413036426744851859e+00
2.537393237666643930e+00 2.533233056209245326e+00
2.193838358876419647e+00 2.179836531517123976e+00
2.427172423228747267e+00 2.405276691044990756e+00
2.903373637561262210e+00 2.509062889037800392e+00
2.618787797785844251e+00 2.452290380454034135e+00
2.842687213831258219e+00 2.645469746772755038e+00
2.373303607940716375e+00 2.117995229251201650e+00
2.123954238318640719e+00 1.707024120378101362e+00
1.983502621232792862e+00 1.698844572286874799e+00
2.209676153449322555e+00 1.773890057965147093e+00
2.155979951363323099e+00 1.841384810083554369e+00
2.524016687542641080e+00 2.405736142397156385e+00
2.698207643750989426e+00 2.472468617432543869e+00
1.078534645831659589e+00 1.043374765462448117e+00
2.729994220057552212e+00 2.307394547351167891e+00
2.552704848295535456e+00 2.437716333253216128e+00
2.632641778226065377e+00 2.279085149617245953e+00
2.079160122148227430e+00 1.907873760554832598e+00
1.909727807658776477e+00 1.856958574200127998e+00
2.274676320910338223e+00 2.158191001212269811e+00
1.537801444151804864e+00 1.170761881233016055e+00
2.563660700417240257e+00 1.303794969014225424e+00
2.728046939333106380e+00 2.676015272738566431e+00
1.967049776727513244e+00 1.858430701108105598e+00
2.273268032804651284e+00 1.856001056680470551e+00
2.835720070172336627e+00 2.249455289991255214e+00
2.497718632214453116e+00 1.885876908806191077e+00
2.340814832289891179e+00 2.314018607954019036e+00
2.488158262696126499e+00 1.816307243187053277e+00
2.967072021624451938e+00 2.254429127926013354e+00
2.508509608530703261e+00 2.411860165938895850e+00
2.969734284045569161e+00 2.283896720120542678e+00
2.363122444308738412e+00 2.314987542553478050e+00
2.070359134830697556e+00 1.844782650806242819e+00
2.479414828306351737e+00 2.091979240062728174e+00
2.397844126802553433e+00 1.327764881186497270e+00
1.775094974952906357e+00 1.716172393538548668e+00
1.813630486550964260e+00 1.282192412088790645e+00
1.466007629404053381e+00 1.080030437138777444e+00
2.774483489228643407e+00 2.273554367927329345e+00
2.496109950741480787e+00 2.245105296557615038e+00
2.973213992220737012e+00 1.585614330427588481e+00
2.860346405609037301e+00 2.213658865300695222e+00
2.441060555363625983e+00 2.000435630247233032e+00
1.966051871094945280e+00 1.933037026298635164e+00
2.434352439117896338e+00 2.026527388094077953e+00
2.716491146293845027e+00 2.503199077882515500e+00
2.866999809530990095e+00 2.683506560782124239e+00
2.434970278822750966e+00 2.308934354801192246e+00
1.950234106167120229e+00 1.578034501541637935e+00
2.168912634118014715e+00 2.157732923239832790e+00
2.103164355249208306e+00 2.015651967368863762e+00
2.510664580281187774e+00 1.506582051495526153e+00
2.993797542816178936e+00 2.890257551470936104e+00
2.655064997478465472e+00 2.635726402720829586e+00
2.913973166459818742e+00 2.802147751399037379e+00
2.547645902377438709e+00 2.421428887458086709e+00
2.728329028342643348e+00 2.107289005203785148e+00
2.569937468866757335e+00 1.861364853844865497e+00
1.719452995012760166e+00 1.678325443847851872e+00
2.535409617438052265e+00 2.508521365857813823e+00
2.092053100438601376e+00 1.593504390710804852e+00
2.937195745209353781e+00 2.846180753691827547e+00
2.478784433165206913e+00 1.482602439241652803e+00
2.207139298193702359e+00 1.414604682488774134e+00
1.934087933596233988e+00 1.904039755470773754e+00
1.250554786059186130e+00 1.130549151892939586e+00
2.859307613949959137e+00 2.504867464843316238e+00
2.672718479301090522e+00 2.546476308790252219e+00
1.892455903439819176e+00 1.381144202521841446e+00
2.452959168384115429e+00 2.082531293592978727e+00
2.378634559930405068e+00 1.662055457616651077e+00
2.686173830964963649e+00 2.360232892276691974e+00
2.957393369048205489e+00 2.828910957934850590e+00
2.894094170761682960e+00 2.394076986125640349e+00
2.906013530339333961e+00 1.661111454601086113e+00
2.141523998138199048e+00 1.954783256405195457e+00
1.691448634546391938e+00 1.597868944450488771e+00
2.392094135820739265e+00 1.604570203354157343e+00
2.679470640970288642e+00 2.463467675086531639e+00
1.949844715539035711e+00 1.412671588575787451e+00
2.907495590895145199e+00 2.890375005362085137e+00
1.755334503324695206e+00 1.252201182433583471e+00
2.290317493408237759e+00 1.685761359292856643e+00
2.459506974783554512e+00 1.830358349260005513e+00
2.654789414029528949e+00 2.179377034017021764e+00
2.612859948552286316e+00 2.491865242627722576e+00
2.838542568645894271e+00 1.920376639239400607e+00
2.278477561478596591e+00 2.138752265933890229e+00
2.785248560981937516e+00 2.636956716618648500e+00
2.470105781495715469e+00 2.438395934000440857e+00
1.548072743413205776e+00 1.539215356630455167e+00
1.744074946437564222e+00 1.696487169591071043e+00
2.538234901096053875e+00 1.500913651684242733e+00
2.985842620872935615e+00 2.796290404079578185e+00
2.729720596499468854e+00 2.468575821028083705e+00
1.103111764518535765e+00 1.019063336813957221e+00
1.796666007410346655e+00 1.638749328067617750e+00
2.757680786650753113e+00 2.375424683077209220e+00
2.397512160985897367e+00 1.985733238481480312e+00
2.571603972717188213e+00 2.492681805049522747e+00
1.801600643987783412e+00 1.483398479172446160e+00
1.027093345379131328e+00 1.013963756619679302e+00
2.862802308558259679e+00 2.498425951807153655e+00
2.364427452312825473e+00 1.731158374328645611e+00
2.800423939615346747e+00 2.508962953890824021e+00
2.183841322741949309e+00 2.070213072562206769e+00
1.895469128557957461e+00 1.796039381763191223e+00
1.360259979068993319e+00 1.346649020904293614e+00
2.602696925100818959e+00 1.982650259752366528e+00
2.450833863906519916e+00 1.974617429894176768e+00
2.741346239952940245e+00 2.371822449904077867e+00
1.537339355719737011e+00 1.334494280720273318e+00
2.504549370283387866e+00 2.343087393440276056e+00
2.969581622231031393e+00 2.798932459948280105e+00
1.671516943760825269e+00 1.319320650663111660e+00
1.990427640387755881e+00 1.598728351667685121e+00
2.183500873109291529e+00 2.054193752546892515e+00
2.972060806471660932e+00 2.914776658065993509e+00
2.497669081647064804e+00 2.442178760308619356e+00
2.755691142437863395e+00 2.043072385905252641e+00
2.856835892399785859e+00 2.582576997244494077e+00
2.674811578991272754e+00 2.664755376587577995e+00
2.999682313348605689e+00 2.067596516858535516e+00
2.730314862683875798e+00 2.677906497535785579e+00
2.929624730148807643e+00 1.878581042980666860e+00
2.702839569962162347e+00 2.449363660857346137e+00
2.702357757810648131e+00 2.697961125365883728e+00
1.689653197351791869e+00 1.634342595059324443e+00
1.844732972238561031e+00 1.054773903650684685e+00
2.314821132635500156e+00 2.040112985870169204e+00
2.100998732853295081e+00 1.330122687540332027e+00
2.881597883894794876e+00 2.834474913557051945e+00
1.094255047285859872e+00 1.043545662860282164e+00
1.927308007098736953e+00 1.927304544426442279e+00
2.740690391321747299e+00 2.584470733698083666e+00
2.935033733381368748e+00 1.732864067465860858e+00
2.148292191690190478e+00 1.907882865194010513e+00
2.546721548918822187e+00 2.316145199802776222e+00
2.578772204395288981e+00 1.813104551965455169e+00
2.866583268370458182e+00 2.830903216247774523e+00
2.922197123126678342e+00 2.891081077060017268e+00
2.391615548152985937e+00 2.377841994189779484e+00
2.298443961441170025e+00 1.874131441474915727e+00
2.600072163762731314e+00 2.504281641226814070e+00
2.890725986507463929e+00 1.861992936506445151e+00
2.651049012704815411e+00 2.393987842139030153e+00
2.421760692944371574e+00 2.229100097859995522e+00
1.320842441641452369e+00 1.224361857130294773e+00
2.088575004941909619e+00 1.932616883458275536e+00
2.716571399520086860e+00 1.991108368123039041e+00
2.929307824105793934e+00 2.880138250380502640e+00
2.571966273289279847e+00 2.241810852257165365e+00
2.200497198554975498e+00 1.928465224852415227e+00
2.613338899068432752e+00 1.831758989423688977e+00
1.320775214313480994e+00 1.144547239102158054e+00
1.055946537841369492e+00 1.016841149903275232e+00
2.950357902826915790e+00 2.602765909833557600e+00
1.912044003983117024e+00 1.126617669987221459e+00
2.667637607029710090e+00 2.575957332502121666e+00
2.444386175282753371e+00 2.144837321565017607e+00
2.879333930117310203e+00 2.753705879136383317e+00
2.701598564052081208e+00 2.063645543515331138e+00
2.579409785981283232e+00 2.210023407865405520e+00
1.434692074624249747e+00 1.320970951505136437e+00
2.514283750908263837e+00 1.854857197163762184e+00
2.237975293862979775e+00 1.865338093396931018e+00
2.205451657449340352e+00 1.061940280557899685e+00
2.601005656038541503e+00 2.210500039275646422e+00
2.800436806322351035e+00 2.631857450351790195e+00
2.376166509813431471e+00 1.538486789548166866e+00
2.617108777865500890e+00 2.446460775845298752e+00
1.487079542401876120e+00 1.427549246099719893e+00
2.440767374966596570e+00 2.135395722712404964e+00
1.803102752935648256e+00 1.492601852682852392e+00
1.832462965915910180e+00 1.565619859392602065e+00
2.877921960562573656e+00 2.030377825447665430e+00
2.961087187479881422e+00 2.930112004881775256e+00
2.036012655740352173e+00 1.927004972506517477e+00
2.127367852925354796e+00 1.947821249276823652e+00
2.690157753578994448e+00 2.021033713977225865e+00
2.699055760647658175e+00 2.067582095974424661e+00
1.804294938250737168e+00 1.793878466530110627e+00
1.673698986628867846e+00 1.669896726521297170e+00
2.546195008036510110e+00 2.012957186487076999e+00
2.867007954873817432e+00 1.725588394330981767e+00
1.526981739586074749e+00 1.173327742351643721e+00
1.322641674625712582e+00 1.236275868933446098e+00
1.930283994519387702e+00 1.033880576542801411e+00
2.753088135425223015e+00 2.749928131869404435e+00
2.274223420438527654e+00 1.578671778701934647e+00
2.564720367299458736e+00 2.317522495031488106e+00
1.248022890893687231e+00 1.060246686360961199e+00
2.733970445902094593e+00 2.461203440667199871e+00
1.949481323933935473e+00 1.845834715964549400e+00
1.226501255603843266e+00 1.156208981229500221e+00
1.639758874734859262e+00 1.454388884937662718e+00
1.307426661715147764e+00 1.282303403638227923e+00
2.936827576962621755e+00 2.723332449495491137e+00
2.383063862164788382e+00 2.292431204324413496e+00
1.519539988252319285e+00 1.510656869041746564e+00
1.919792051612623451e+00 1.418797830796592274e+00
2.596704701088278444e+00 2.281309238219639379e+00
2.660423131148063725e+00 1.720131181631397110e+00
2.712055198429866643e+00 2.032821499807487609e+00
1.274917579152085922e+00 1.148366794771093158e+00
2.558465755308494849e+00 2.203572010239281731e+00
2.551952440711804382e+00 1.775601506285383380e+00
2.886186386646200752e+00 2.720001855905518795e+00
1.999169256632922220e+00 1.405128982490685408e+00
2.513219677567691157e+00 2.290108979387904142e+00
1.721413474876424710e+00 1.541325759418589403e+00
2.454837020797409508e+00 2.385407385490094345e+00
2.867406977330017703e+00 2.204585361361846463e+00
2.445622211137746582e+00 2.147550091779259596e+00
2.259882522591111886e+00 2.254404959023953214e+00
2.301846481716264492e+00 1.770711908920732158e+00
2.710352001599840133e+00 2.067934903955066517e+00
2.947231954963752010e+00 2.146547087653563946e+00
2.961196082167319776e+00 2.415210042850302052e+00
2.744701331407003675e+00 2.501082906211649970e+00
2.690117458911214676e+00 2.279188350732886725e+00
2.828639874350841410e+00 2.361480321143212713e+00
1.944950370248299309e+00 1.609166270408589172e+00
1.941128629261865690e+00 1.859739385932166922e+00
1.410799589473834104e+00 1.349854697462515407e+00
2.273205976751968560e+00 1.805590886172439680e+00
2.214896214842775990e+00 2.138818877614907077e+00
2.221872747495305944e+00 1.909276779041219285e+00
2.810334163207699909e+00 2.298141273900603299e+00
1.663487583517771595e+00 1.064022610050091355e+00
2.650622460048965401e+00 1.415995360497488864e+00
2.063081115687900979e+00 1.933853634356642592e+00
1.885668069323786389e+00 1.764411667025622243e+00
2.144563068970597897e+00 1.311018850234314526e+00
1.846957471283169561e+00 1.755106527747698486e+00
2.579406733927655626e+00 2.476538248921305030e+00
2.775162523392234348e+00 2.512403718047865109e+00
1.314862734756742313e+00 1.259829657009549519e+00
2.754994779893292112e+00 2.523107127956547568e+00
1.766632411731495322e+00 1.401065972762299161e+00
2.740608640803407603e+00 2.150981388350935219e+00
2.588496066864649059e+00 1.631070100226954978e+00
2.827266100095714663e+00 1.833148843603543687e+00
1.231505440933160278e+00 1.092753472226476452e+00
1.609358146107663812e+00 1.303301032542636406e+00
2.267274709332125049e+00 1.659142456177597591e+00
2.970732030478350438e+00 2.535573624024956452e+00
1.941004032872749585e+00 1.068113817738151505e+00
1.126653637005227360e+00 1.042755134432931330e+00
2.085928861981729110e+00 1.297465651578555867e+00
2.538170537397260507e+00 2.009216988116318436e+00
2.399508871187221004e+00 2.004118148086842410e+00
2.603763015935888880e+00 2.410876078918803955e+00
1.217729948006526008e+00 1.105817698252105297e+00
2.497836168001692503e+00 1.778908779538809659e+00
1.413539956295105204e+00 1.121447255730121384e+00
2.916717903558680991e+00 2.206901155261029146e+00
1.993423795764508677e+00 1.941435373333117775e+00
2.088083066842466806e+00 2.075630710450904637e+00
1.304683855385943003e+00 1.154240465528691972e+00
2.885238283497891132e+00 2.193182655046696627e+00
2.023441455375094122e+00 1.655716465960995532e+00
2.740553887786380649e+00 2.275737025618035148e+00
1.233211125109255679e+00 1.114135937966273859e+00
2.294656303783699780e+00 1.627383290191024789e+00
2.013358513584542209e+00 1.876286757624187063e+00
1.989366268795276893e+00 1.824166870480319558e+00
1.713874549104716261e+00 1.123017256356602767e+00
2.201818529772734845e+00 1.749501982788663312e+00
2.790446766067031348e+00 2.451445243804003304e+00
2.823253896485844017e+00 2.811610167391642712e+00
2.752482944276516186e+00 2.745373230949110344e+00
1.856128643893209418e+00 1.623066906140886889e+00
2.374464040168010825e+00 2.366691387067384245e+00
2.757820267555010307e+00 2.581553661399813571e+00
2.446792299106437696e+00 2.378285616139436343e+00
2.694083420555261732e+00 2.187041910753802387e+00
2.621929105104725544e+00 2.163590143565695900e+00
2.986784720298257589e+00 2.903941636032447704e+00
2.587910606540567482e+00 1.743636190675689868e+00
2.954444113282877815e+00 1.575538001416703526e+00
1.775579677740148465e+00 1.463962286354093090e+00
1.011241250173015915e+00 1.010585925987748324e+00
2.390584764174379373e+00 1.873783968073319262e+00
2.416379920485955957e+00 2.314893335165438160e+00
1.389874144352533536e+00 1.263159088080819226e+00
2.248389799182704873e+00 2.036456866054805470e+00
2.857683531278648825e+00 2.218248936936357385e+00
2.972751570331791271e+00 2.275472233744858741e+00
2.855414767846554902e+00 2.505784498197634047e+00
2.808561253404743052e+00 2.325624267124721811e+00
1.260246816724313268e+00 1.230751275326351202e+00
1.979024606410878295e+00 1.637907223716144056e+00
2.801436437007545521e+00 2.757173202242279242e+00
2.660879211739706207e+00 2.612225457502726389e+00
1.914382167630289233e+00 1.598963822011321145e+00
2.130978396503826033e+00 2.066553829393773523e+00
2.741392802397324857e+00 2.221108081745917673e+00
2.868319883907364698e+00 2.264823303432022872e+00
1.963876715873492440e+00 1.957756669813738748e+00
2.272514841154388954e+00 2.246509454987473120e+00
1.797439242927062475e+00 1.550928195600287829e+00
2.091256328646080576e+00 1.635222463862002318e+00
2.753872892052351418e+00 2.047215314205933279e+00
2.733983071801813658e+00 2.718060164283425006e+00
2.565743729255725025e+00 1.893289592207128003e+00
2.054500408553521673e+00 1.193902598561682460e+00
1.807018814707545440e+00 1.545550595849402464e+00
2.197760782259981394e+00 2.157487052314942311e+00
2.253916176251780090e+00 2.230117612299828078e+00
1.241564652507950672e+00 1.214016521214143163e+00
2.570233514358048588e+00 1.528683137708012563e+00
1.158982043850211863e+00 1.102994765768881003e+00
2.003162955846677917e+00 1.890654763524042936e+00
2.183306745141087024e+00 1.913223675352507591e+00
2.578401241086521800e+00 2.357667017816252208e+00
1.862067176357644849e+00 1.594778613878502505e+00
2.855863046374841563e+00 2.731699796520723922e+00
2.818980457443692966e+00 2.671526076605142741e+00
2.212511319175202384e+00 1.846633557416613058e+00
2.391969739143927853e+00 1.948195118120171765e+00
2.217936595333606320e+00 1.641829524139067686e+00
2.360533885931763720e+00 2.026962420271319676e+00
2.471973470138304041e+00 1.251425089472001817e+00
2.641493751243374710e+00 2.446965288237203495e+00
2.450269162876087314e+00 1.512737348130645199e+00
2.920435461712388658e+00 2.733823724936957245e+00
2.205347036153697093e+00 1.988680624298588606e+00
2.769807685885004034e+00 2.112206161619685219e+00
1.523587965643542486e+00 1.436782676332434949e+00
1.779583436580249645e+00 1.451908593707614159e+00
1.922861136099807577e+00 1.833254902891917171e+00
1.826804274642799708e+00 1.680505114176485737e+00
2.450026508709907347e+00 2.263307381165785781e+00
1.278895882525587169e+00 1.050108906467835945e+00
2.848116239570630093e+00 2.794295097787680593e+00
1.878929043591747838e+00 1.743624087406329792e+00
1.460205480554997326e+00 1.221553969292896946e+00
2.046387295755664137e+00 1.514853951195254567e+00
2.401198591067763122e+00 1.759066344313464869e+00
2.817821716509979701e+00 2.046913201200215582e+00
2.817891232306007243e+00 2.653850785479690000e+00
2.517106339261109049e+00 2.503722775826453528e+00
2.392391567228752791e+00 2.184110308887109220e+00
2.141747291483392601e+00 1.846277788769393746e+00
2.635590265261018139e+00 1.204037284930435936e+00
2.150052533372283747e+00 1.569649929933871091e+00
2.576314654050571917e+00 2.441625349571556303e+00
1.305890506149807173e+00 1.270848925970263998e+00
2.353936441593178497e+00 2.262606490654542224e+00
2.295694868057917670e+00 2.148353655701377818e+00
2.993155058603704788e+00 2.046427477731846967e+00
2.738010421157650587e+00 2.518292932742447476e+00
2.383773651079566402e+00 2.092730593817878404e+00
2.850461259994143237e+00 2.635727520289036896e+00
1.903925898396634731e+00 1.706536980472068699e+00
2.566112169719238167e+00 2.241052060062417084e+00
2.195008212274983439e+00 1.362630293581531316e+00
2.927922709107525279e+00 2.135728991152237022e+00
2.652110409790971346e+00 2.453877727248566565e+00
1.752834073755840771e+00 1.304492552798077298e+00
2.140600876541519870e+00 1.649113792394276024e+00
2.270117759298258875e+00 2.239831259794201834e+00
2.795139339257902478e+00 1.975242540086240117e+00
2.841975258219791467e+00 2.488341073736745734e+00
2.419401756487273403e+00 1.939337563263788367e+00
2.330194618817475138e+00 2.111192194761059238e+00
2.538565734631834658e+00 2.255955729403455123e+00
2.466095381158133648e+00 1.687012758206075214e+00
2.444529186837140156e+00 2.301940108432527499e+00
2.665075060401624008e+00 2.544316549175129172e+00
2.583195513321696168e+00 2.514713032551789240e+00
2.808619026281952369e+00 2.681016410491829927e+00
2.632744831678688335e+00 2.507736825219531340e+00
1.969050636803251431e+00 1.724277487758221872e+00
2.385554624069051499e+00 1.749936144360884738e+00
1.323837346738914622e+00 1.042137928871792463e+00
2.633123069554217821e+00 1.577457425584073203e+00
2.912977695078725837e+00 2.253825977407471370e+00
2.659530391906617552e+00 2.488355540647683384e+00
2.918576828231136844e+00 2.859563724871993617e+00
1.964167525907525524e+00 1.649898116218876387e+00
2.213677319948902156e+00 2.198383056382390510e+00
1.713511974713275432e+00 1.457974694675636451e+00
2.666263402930810322e+00 2.565502795940577840e+00
1.605446974382899405e+00 1.178948734179535052e+00
1.544901245737338114e+00 1.188302038013700379e+00
2.461791093423227217e+00 2.373879773895092971e+00
2.221379495232866041e+00 1.944395059039595086e+00
2.254451188479747348e+00 2.050917466819283330e+00
1.722647660877524745e+00 1.146529539553512889e+00
2.662975204301289978e+00 2.626871766410797893e+00
2.889571225852042513e+00 2.254356932540762415e+00
2.602224085253267205e+00 2.011321619614959921e+00
2.063864209908436109e+00 1.949005881501978177e+00
2.398989430473141837e+00 2.271364489459740899e+00
2.349836081992962455e+00 2.238459269772525406e+00
2.301349063525392591e+00 1.841219444118489479e+00
2.597332467849903459e+00 2.471809254788945420e+00
2.088721298181873909e+00 1.828123223595290447e+00
2.944578826630840140e+00 2.771715155581502721e+00
1.139762141374974336e+00 1.139183340581883419e+00
1.747268716786217313e+00 1.594590461034830486e+00
2.624224648848986874e+00 2.317517572381667446e+00
2.816669519560118573e+00 1.803459220541962393e+00
1.586696538325391037e+00 1.541037629200005421e+00
2.122118308002454157e+00 1.575387402352628197e+00
2.417338633828857386e+00 2.235577639944940298e+00
1.855703852826552147e+00 1.470821665353367225e+00
2.952335777856998078e+00 2.706514215986605798e+00
2.343212765420424226e+00 1.954046946953931885e+00
2.908085493438620439e+00 2.617660303330856753e+00
2.907775669376155836e+00 1.909151238678104878e+00
1.888265082940614903e+00 1.464707404946126612e+00
2.934647406358704469e+00 2.824759170506510930e+00
2.469562838959799222e+00 2.256296907881999214e+00
2.877181616512701989e+00 2.806781900382123052e+00
1.717939397981731675e+00 1.695999947754915471e+00
1.998741680804599907e+00 1.780657990363945231e+00
1.683748538415477114e+00 1.568459276942270497e+00
1.775952054064520835e+00 1.625438533199994540e+00
2.318301918746772827e+00 2.168231657399207979e+00
2.903515609280308496e+00 1.994298396370113968e+00
2.049526637291803510e+00 1.710775666694647867e+00
1.877200884787608048e+00 1.611344069209923902e+00
2.287286808158231821e+00 1.969842916317799508e+00
2.279165626697188252e+00 2.239383504336806219e+00
1.958616549491574377e+00 1.728551458172131516e+00
1.740808561234983509e+00 1.149554213336122288e+00
1.330097012433443027e+00 1.222892371756864049e+00
1.777694518708454963e+00 1.711372331062088303e+00
1.838018992448429145e+00 1.649118692161228639e+00
1.746366194699081165e+00 1.701342755869159173e+00
1.837273950966008096e+00 1.764247354837300330e+00
2.869002431150212473e+00 2.362053524799816895e+00
2.931790219150346211e+00 2.928360463160852856e+00
1.396961118903113253e+00 1.275234510494145157e+00
1.694742074624888684e+00 1.684840721360941096e+00
1.782893048155045346e+00 1.659698803743442586e+00
1.861007009326349326e+00 1.613398393535380615e+00
2.612392920314314360e+00 1.909311050460713366e+00
1.626115298510152130e+00 1.312900474803520234e+00
2.616105198003006116e+00 2.543086267556709856e+00
2.910943611258698827e+00 2.678128657298124438e+00
2.107791486917966139e+00 1.937583647564513400e+00
2.849938029352180102e+00 2.561712937376789956e+00
2.760469987213859611e+00 2.466259154732235448e+00
2.811302198040102951e+00 2.759502775975978484e+00
2.058113116677902532e+00 1.674900426888819682e+00
2.584260831757778654e+00 2.325540600034319727e+00
1.829032124643994672e+00 1.477596193592147999e+00
2.373458007411328730e+00 2.181404899844076262e+00
1.213853074133759646e+00 1.173750581093093714e+00
2.224992348937544939e+00 2.048347409352968107e+00
1.251253287500568634e+00 1.245662802790571622e+00
2.858547488519447732e+00 2.773769892183580055e+00
2.007637645710937502e+00 1.424347314891906136e+00
2.996941922454618989e+00 2.511083155693854874e+00
1.108406169693425758e+00 1.002879820992326643e+00
2.979567292843544379e+00 2.929763179331323464e+00
2.916336317135703737e+00 2.635504042917788947e+00
2.089421883469956498e+00 2.086375199029337768e+00
1.627310053183181449e+00 1.271838209502098360e+00
1.746745582009397557e+00 1.554893491711724529e+00
2.171940199274649430e+00 1.939436371597705433e+00
2.983694329783499022e+00 2.842648950367758776e+00
2.623139554082479563e+00 2.511955149451673641e+00
1.823282527748438575e+00 1.076312642317521773e+00
2.311159145016747019e+00 2.097020301971794343e+00
2.037302002222059816e+00 1.687670756771549430e+00
1.966433477634293103e+00 1.899405364234109994e+00
2.229375413173333875e+00 1.790164083328164457e+00
2.926210467736457765e+00 1.753413890747968606e+00
1.960459295319660455e+00 1.782494701485215494e+00
2.470613067809413366e+00 2.052800201901366695e+00
2.911071379449928997e+00 2.831253189637999768e+00
2.326173284887397941e+00 2.260683339705888972e+00
1.912340282143689452e+00 1.775156246219677048e+00
2.752189278380654081e+00 2.360089374058319311e+00
2.285287344830413403e+00 2.121856460582127291e+00
1.493687895065358262e+00 1.332451000093008098e+00
2.803142544934857483e+00 1.386330820705053979e+00
2.210738218226952156e+00 2.012699374441624389e+00
2.966537080574738638e+00 1.818824151935860334e+00
2.088502880368194425e+00 1.689223329131602114e+00
1.756255489218799815e+00 1.503934502114022020e+00
1.824016420548127293e+00 1.162113749873697754e+00
2.786269138547551982e+00 2.456452211999761381e+00
2.834599689396298583e+00 2.794764692856729127e+00
2.954932426450864735e+00 2.954427540621504367e+00
2.797992840091288347e+00 2.675509100730307566e+00
1.242570213461712481e+00 1.144520427149446684e+00
2.420036763942344571e+00 2.258882258894612249e+00
2.285244715829243489e+00 2.057217458243620012e+00
2.461476258696881025e+00 1.840969110124057728e+00
2.448139082037422032e+00 1.611213269393090064e+00
2.820994961841749138e+00 2.194063671180103370e+00
2.842769325391854007e+00 2.778701510216135873e+00
2.228649372017732944e+00 1.973431033151583414e+00
1.042698922982035592e+00 1.014381374499311761e+00
2.124568397380062201e+00 2.117639834796885445e+00
2.015193269167571799e+00 1.548754816556948244e+00
2.789995072504322771e+00 2.686166505936931959e+00
2.697216619502441404e+00 2.551116914247286260e+00
2.005898552434860260e+00 1.776326633948930089e+00
2.891689460795583866e+00 2.788273081312463653e+00
2.541762814045022800e+00 2.474283258754816472e+00
1.818562659751825406e+00 1.641542838111623714e+00
2.571883087409389645e+00 1.780696770102251136e+00
2.891466368456276470e+00 2.067260377235975000e+00
2.877898337720433464e+00 2.415553078070526993e+00
2.399006621661142091e+00 2.385039044293882249e+00
1.787099082487696666e+00 1.757421515535211309e+00
2.895395685854211365e+00 2.550816476197782290e+00
2.300310400483028594e+00 2.070870403273531668e+00
2.132056525011342352e+00 1.297570077670945565e+00
2.450151898141224915e+00 2.311383935946628387e+00
2.555862883938987196e+00 2.545508561159703032e+00
2.503868368264409838e+00 2.021329810381983449e+00
2.986016829044570997e+00 2.807539973507319431e+00
2.704990921671599935e+00 1.790153057607092979e+00
2.867441584062611515e+00 2.613377722189800689e+00
2.522086784230901824e+00 1.993315819628426411e+00
2.527116380843771992e+00 2.320646680410749951e+00
2.925428236886414179e+00 2.732551820329619741e+00
1.805826015497785875e+00 1.702096810504024171e+00
2.991087514249545443e+00 1.826855831922267415e+00
2.476739012311815813e+00 2.338082407250437367e+00
2.292243005011022738e+00 2.066502774565766032e+00
2.302337115635253895e+00 2.133189897147485858e+00
2.065306636156683862e+00 1.609236988983165029e+00
2.122387066609109141e+00 2.014747954904058336e+00
2.644982905638106452e+00 1.982910664968349668e+00
2.229518333977780209e+00 1.959398862887624215e+00
2.687962330439269021e+00 2.602880181683353555e+00
2.918062625922381415e+00 2.716862276091253303e+00
2.750942058295960724e+00 2.230434164508440453e+00
1.386200889944723791e+00 1.335116149861513168e+00
2.854617669616885678e+00 2.690216558843010475e+00
1.351406602766832110e+00 1.296571659810372701e+00
2.287626054461518343e+00 1.757255967079916381e+00
2.070018396466865251e+00 1.755466621120219894e+00
1.441317021920541785e+00 1.424478649693803556e+00
2.885544381964353811e+00 2.861875910105419862e+00
2.829196426711335643e+00 2.592772841424947572e+00
2.288252966818757450e+00 2.144817049078691529e+00
2.131748401189535347e+00 1.310920272035400735e+00
1.893189925624194636e+00 1.498102150039226865e+00
1.595394852763891036e+00 1.253797890916366065e+00
2.460669197034892619e+00 2.006355569039201647e+00
1.906220519089673937e+00 1.717285160410785938e+00
2.862472002594258491e+00 1.339907104946852501e+00
2.046881709616139133e+00 1.188214467010782815e+00
2.649317410121440730e+00 2.297903244753359164e+00
2.468726498267339586e+00 2.095071172809890303e+00
2.449364588308211577e+00 1.960223211923930453e+00
2.057570548199283422e+00 2.056829262672185799e+00
2.708531781392379933e+00 2.152531065657254494e+00
2.268012972710083730e+00 1.414549866966160918e+00
2.614855784359137125e+00 2.217853372500422360e+00
2.986244739856912300e+00 1.257614713589395805e+00
2.127119651535230638e+00 1.878290705253622406e+00
2.942032822031817041e+00 2.881417237522835517e+00
1.828675577128734187e+00 1.793431498282496817e+00
2.554878528434826102e+00 2.161137516392244606e+00
2.886885282331238756e+00 2.223874652130123142e+00
1.792995772655969100e+00 1.093210466622801302e+00
2.644742592959755001e+00 2.565204698256147164e+00
2.194595516183627026e+00 1.640168972191004437e+00
2.331481204754791925e+00 2.289218136468838427e+00
1.443074407306612628e+00 1.429944760691558514e+00
2.985570436651341808e+00 2.814258399512038267e+00
2.201731346327501004e+00 2.106471008776253484e+00
2.593761986574384615e+00 2.417351761563309775e+00
2.971724207909442139e+00 2.205745000702380221e+00
2.556294973859317032e+00 2.086158062822041526e+00
2.871853297758425683e+00 2.629447002849395254e+00
1.938458128544380710e+00 1.527951661459271415e+00
2.854715672090216483e+00 2.438169795713047705e+00
2.607339481573049067e+00 2.598619224751553158e+00
2.689577701478448546e+00 2.674018886025990582e+00
1.876216093066835899e+00 1.805619054076389673e+00
2.721140925691741153e+00 2.423891830484774079e+00
2.550137646870247465e+00 2.523123204880453496e+00
1.722496485713911785e+00 1.308192442827254443e+00
2.476523728488013276e+00 2.399607423007239060e+00
2.872678068212409563e+00 2.615034729031262550e+00
1.789150720779848047e+00 1.562287118420231158e+00
2.639125028631009062e+00 2.202536830631268039e+00
2.845079986104008807e+00 2.750399745513112393e+00
2.201645523536266857e+00 1.789613961042285428e+00
2.285670363251265158e+00 2.047077438503744240e+00
2.017022685916085134e+00 1.653705262063330794e+00
2.793959940240009043e+00 2.356121170520589558e+00
2.617298229044041413e+00 1.705805668047346346e+00
2.720206304517780449e+00 2.581676754883688307e+00
2.394663752010661284e+00 1.713109413135918135e+00
2.576048794772573203e+00 2.300589141870290621e+00
2.760127323223177775e+00 2.726613879060968859e+00
2.370144738284044372e+00 2.281988008754132657e+00
2.975687046025838001e+00 2.733308609233629838e+00
2.571304728852131127e+00 2.400818270884186756e+00
2.960717234821863109e+00 2.764271436410547622e+00
1.476987774363144545e+00 1.144771025541813758e+00
1.957480521045788846e+00 1.477028006488855905e+00
2.879375346521520385e+00 2.588813998676075645e+00
2.972767001917544505e+00 2.253747022611707340e+00
2.326398575820793013e+00 1.846436550577106539e+00
2.969079494380227668e+00 2.606087117006651521e+00
2.959816675320598556e+00 2.945249019161927162e+00
2.940196273774333680e+00 2.762959485245682245e+00
2.233859443357892438e+00 1.601951231046783608e+00
2.909257346700772295e+00 1.844883729651336957e+00
2.316270055899937841e+00 1.725233276008011796e+00
2.964928605495749547e+00 2.379618055582681357e+00
2.596801349827510208e+00 2.410980829873735409e+00
2.518860636623075688e+00 2.328999176882472710e+00
2.455647912754451490e+00 2.398007518695647988e+00
2.690432819801078956e+00 1.479140469537927105e+00
2.342553564688730994e+00 1.711182437389073385e+00
1.627305992187086936e+00 1.562030296414174346e+00
1.446981008410570979e+00 1.331515712492242320e+00
1.914457980941249415e+00 1.758230215075837988e+00
2.943463677725230099e+00 2.792603361860958255e+00
2.535568815796499287e+00 2.158837892202339681e+00
2.891143268115323295e+00 2.782375716556865441e+00
2.211648553062226519e+00 1.567174722691575983e+00
2.732959313847560079e+00 2.658525799044800575e+00
2.595293202426494084e+00 2.494840899816503477e+00
2.641352528007849365e+00 2.274073135328467554e+00
2.830547482020488559e+00 2.178380186286450471e+00
2.965356749880976750e+00 2.943400627019998161e+00
2.239058046985062056e+00 2.032145988258951874e+00
2.221179499457365036e+00 1.558227924048565249e+00
2.605514170781597194e+00 2.541354742334832384e+00
1.812179019596936502e+00 1.680275777534025128e+00
1.004544858217836678e+00 1.003658816996170433e+00
2.364830341002718495e+00 2.015812091641028481e+00
2.157943090644416362e+00 1.610324174231239747e+00
2.749349563796370965e+00 2.529082065293331461e+00
1.727913077409114040e+00 1.600873148526774425e+00
2.977567546663711706e+00 2.877496289845837829e+00
2.155694181133871012e+00 1.229830004274548694e+00
2.320265415812236665e+00 2.205473692406205721e+00
2.956143281637849896e+00 2.112737592256985319e+00
1.067994304380990966e+00 1.007541619349078488e+00
1.829138572274377816e+00 1.755625579494823674e+00
2.982580777583766718e+00 2.884709016129845871e+00
2.371622860607740080e+00 2.033966455125736150e+00
2.415460638527507697e+00 1.954443759764951771e+00
1.719541669860916500e+00 1.524038162291379006e+00
2.243618449174938245e+00 2.097662534452047201e+00
2.407441159271092701e+00 2.218644661593495826e+00
2.821356310246646792e+00 1.775356802197123995e+00
1.210076740013040775e+00 1.042937902928111837e+00
2.270189218366235107e+00 1.775468090539826127e+00
2.305844045501769912e+00 1.314804070922580559e+00
2.529409881651406788e+00 2.394468575812585431e+00
2.344255458144120396e+00 2.106910219912687676e+00
2.859790784483185799e+00 2.432537021842777314e+00
2.217768097000967220e+00 2.143209919966166499e+00
1.715849189096087413e+00 1.540407510128106061e+00
2.747705197541093547e+00 2.454850634761114314e+00
2.852194325548671916e+00 2.556784488635825081e+00
1.913743540842438140e+00 1.634975609068993974e+00
2.966968042804876582e+00 2.305546903709690731e+00
2.789790724901251018e+00 2.164594190735411150e+00
2.948130910428171880e+00 2.491353307268030282e+00
2.930550237776687439e+00 2.909201364553083646e+00
2.551735677854814810e+00 2.001043624802644416e+00
1.816785268417383747e+00 1.390525788787246864e+00
2.133899699058005694e+00 2.067663352698703605e+00
1.567020439335594206e+00 1.503322160044547218e+00
2.344636596800143913e+00 2.111782329416536541e+00
2.314300939150083281e+00 1.678270585417109828e+00
1.079509492293644790e+00 1.045313137145990057e+00
2.398571673919422054e+00 2.122962576015196223e+00
2.776584600799789193e+00 2.740360188134438602e+00
2.009586087448893998e+00 1.977768482907422465e+00
2.358046282456158771e+00 1.709825736050472500e+00
2.448662544445208589e+00 2.318875746049121389e+00
2.013392132426970349e+00 2.005547913090233614e+00
1.755595929759272922e+00 1.647967359664994635e+00
2.877894344561133355e+00 2.709724271231542136e+00
2.720843803635255576e+00 2.096564662962996373e+00
1.839830887788742597e+00 1.300398493823505586e+00
2.371682320320726234e+00 1.665521144460497593e+00
2.102550682789991576e+00 1.920270773861253666e+00
2.867835910286924861e+00 2.281679276682047952e+00
1.875511595557058042e+00 1.406240011550296654e+00
2.004810741490754555e+00 1.737080239270345494e+00
2.254347018046212625e+00 1.854979151543917570e+00
2.257143954089807281e+00 2.205740603257358323e+00
2.934958626006371141e+00 2.630629507802922706e+00
2.029088262457961811e+00 2.016285151685071941e+00
2.514456431454084928e+00 1.299338568320725251e+00
2.871873784751520553e+00 1.439876203617450168e+00
2.060214828298644107e+00 1.898862551941101984e+00
2.681429948674520780e+00 1.423010959450939250e+00
2.963807112199236649e+00 2.631222246363184247e+00
2.802818114713179654e+00 2.641227983938326584e+00
1.360664474224215548e+00 1.012504702436760384e+00
2.107453226973174942e+00 1.870742559314288345e+00
2.362261674767058395e+00 1.739198826501516582e+00
2.759826005143442895e+00 2.663814603079364574e+00
2.713153540875963721e+00 2.420818181229931199e+00
2.927968918125974263e+00 2.543988647798923086e+00
2.866613397075003178e+00 2.791236422284989693e+00
1.856876879345120024e+00 1.507011664856661604e+00
1.853635583076957971e+00 1.115176260099106198e+00
1.283479736162191909e+00 1.218356432214796392e+00
2.696177507143795005e+00 1.901641213640314687e+00
2.923214221257218526e+00 1.870673389565372657e+00
2.325310206221852027e+00 1.453231232956710084e+00
2.609587167683796949e+00 2.219719163740307533e+00
2.646787134192945867e+00 2.002615871263708325e+00
2.120505714034245148e+00 1.942831174472770428e+00
2.870909250062753770e+00 2.327830929158609674e+00
2.038566466986552861e+00 1.873751142138833092e+00
2.350417153225727862e+00 2.151698353206551673e+00
2.658637111475043113e+00 2.173078413811044829e+00
2.865918488498450323e+00 2.502849961911785215e+00
1.621400107599185736e+00 1.450782523565587789e+00
2.986254147113666768e+00 2.970285300602222733e+00
2.735503531875503214e+00 2.581295820989823131e+00
2.418940302455776514e+00 2.200503374668231871e+00
2.166418077965643008e+00 1.867019702034422135e+00
1.308393285772769588e+00 1.086386738339331304e+00
2.804089764975417509e+00 1.936103373424155061e+00
1.205563410857279472e+00 1.017303281522692338e+00
1.262131921017747072e+00 1.095279678793360967e+00
1.355385102857330271e+00 1.132035281304280883e+00
2.219470705528721499e+00 1.839835808223372338e+00
1.931458731441758836e+00 1.694899262025993059e+00
2.075883253180515808e+00 1.760587457089381802e+00
1.609386917416126161e+00 1.212364330040331950e+00
2.194928101669964882e+00 1.953331462313577127e+00
2.475757087357484565e+00 2.284618168114250558e+00
2.621302152443639955e+00 2.613038430602363515e+00
2.713698017224866366e+00 2.677105305424797077e+00
1.320861386203822985e+00 1.188283734763028621e+00
2.949943463704905788e+00 2.407372164183162688e+00
2.493565849180108707e+00 2.251502463930809661e+00
1.649079053411518059e+00 1.629178671653056742e+00
2.993911522078386955e+00 1.623567311509864775e+00
2.610084880193354273e+00 2.063521698340712529e+00
2.747643122599509269e+00 2.703883107174010370e+00
2.911639971324881060e+00 2.183048472319484290e+00
2.855705485652746844e+00 2.456703272965412577e+00
2.571545869983891563e+00 2.543658091573476554e+00
1.742093414660649486e+00 1.033901543890860530e+00
2.566301261228312924e+00 1.826097296380014612e+00
2.435161996636201920e+00 2.156366041243593656e+00
1.819006974397237020e+00 1.439964143448125178e+00
2.585627092518704373e+00 2.410684189928797405e+00
2.885382289039066350e+00 2.435729561613670047e+00
2.271795553304663429e+00 1.281158440609389881e+00
2.666879252389307897e+00 1.932437126276996819e+00
2.670506638908772157e+00 1.293780165922273850e+00
2.221875187138139029e+00 2.090271053923021594e+00
2.481813072788743746e+00 2.395052777447147285e+00
2.340554020119570477e+00 1.882227041131171230e+00
2.204423547818624485e+00 2.069946939104213790e+00
2.877893114846488132e+00 2.774513656672657369e+00
2.894514276516237494e+00 1.302287843435158354e+00
2.523079996614859155e+00 2.475669104892191275e+00
2.712574977712727708e+00 2.006023376426439242e+00
2.943582067301122152e+00 2.346413414798600439e+00
2.800910438124743163e+00 2.773079691466423746e+00
2.021043920382561865e+00 1.526352568687153299e+00
1.758003954379890432e+00 1.700771721481705745e+00
2.934510908027450515e+00 2.928954633618871650e+00
2.549705024298350331e+00 2.032572525135821540e+00
1.933173135462905590e+00 1.285681089958875312e+00
2.410950751561152572e+00 2.198417260911491589e+00
1.415769097612566751e+00 1.237725319258258905e+00
2.065944144802168925e+00 1.910796234920600911e+00
1.931144117730885235e+00 1.750901913644230090e+00
2.519134180115805144e+00 2.470957493983140907e+00
2.681316186957466208e+00 2.372078251835766594e+00
1.780888027957046482e+00 1.688261023567674934e+00
2.344132928741548216e+00 2.320900948338719960e+00
2.922970796637334168e+00 2.859060308549219442e+00
1.655732624878606396e+00 1.300659777770543091e+00
2.663060862601640544e+00 2.162446122218346645e+00
2.673254509929098077e+00 2.319642877157104710e+00
1.841965850090145462e+00 1.617123115178991766e+00
2.988059192929876318e+00 2.975600950697348424e+00
2.415914326574113424e+00 2.042540181917996467e+00
2.537652475770411087e+00 2.291922756584674037e+00
2.478961844055134200e+00 2.240717156461277337e+00
2.906463458266580258e+00 2.828266378066166098e+00
2.447015665812276364e+00 2.132791568511143154e+00
2.615622059582873860e+00 2.410650898682654475e+00
1.483513092896125984e+00 1.370018598151540479e+00
1.613118466268823825e+00 1.447778525523494508e+00
1.857048390844970198e+00 1.731747410270852994e+00
2.948656530757307603e+00 1.898737043697420468e+00
2.903102133283679720e+00 2.585681258339085353e+00
2.439779045313576145e+00 2.306915534127917056e+00
1.465539748712411328e+00 1.391477496479685438e+00
2.310336675863828404e+00 2.094865700017678911e+00
2.952909670723808055e+00 2.070351512133306926e+00
2.137454389998004523e+00 1.576065996396028845e+00
2.655479030380032412e+00 2.640528332201638850e+00
2.753036939017909024e+00 2.619893781196247495e+00
1.831061504380674387e+00 1.428475554903750666e+00
2.059665976781189567e+00 1.680020611931480667e+00
2.238659703566288961e+00 2.179261530657308210e+00
1.438754942469143261e+00 1.412974137269997987e+00
2.134984439499381548e+00 1.696485188059897231e+00
1.936169900868033311e+00 1.877134359593673585e+00
2.392853535053489189e+00 1.813222217009361703e+00
2.991767330819853576e+00 2.931580557951614097e+00
1.155510484093137391e+00 1.029513837465578119e+00
2.457774288593400414e+00 2.142403360539757440e+00
2.564742816438515760e+00 2.518792446176070676e+00
2.887580363597697541e+00 2.144132026450347617e+00
2.716176875748848474e+00 2.504456197222952873e+00
2.325428253171904380e+00 2.194272894959150566e+00
2.710189654385625868e+00 2.150447426518003802e+00
2.141473397574941373e+00 1.423881434862673601e+00
2.497630633395724331e+00 1.685231754050982689e+00
2.614371485395885486e+00 2.598624036087119116e+00
2.188182371481222521e+00 2.178237732876224353e+00
2.615231260158783044e+00 2.016471103401003884e+00
2.843589332314013340e+00 2.004086757287041554e+00
2.701571734764609545e+00 2.451369705276555511e+00
